  0.0000000E+00
  0.0000000E+00
  0.0000000E+00
  0.0000000E+00
  0.0000000E+00
  0.0000000E+00
  0.0000000E+00
   857.6321    
   66.85093    
   17.47837    
  0.0000000E+00
  0.0000000E+00
  0.0000000E+00
  0.0000000E+00
  0.0000000E+00
   8.433396    
   379.5385    
   950.6475    
   536.7234    
   28.49036    
  0.0000000E+00
  0.0000000E+00
  0.0000000E+00
  0.0000000E+00
   176.8130    
   18.69508    
   266.6723    
   566.2621    
   718.8179    
   49.67086    
  0.0000000E+00
  0.0000000E+00
  0.0000000E+00
   917.4515    
   538.4592    
   32.38803    
   30.56413    
   327.7441    
   718.5247    
   312.6195    
  0.0000000E+00
  0.0000000E+00
   651.2474    
   972.8304    
   689.0786    
   257.6105    
   19.16895    
   127.6501    
   603.3354    
   691.1141    
  0.0000000E+00
  0.0000000E+00
   594.6225    
   923.9598    
   832.8511    
   289.1915    
   84.88863    
   29.61129    
   579.1512    
   709.5354    
  0.0000000E+00
  0.0000000E+00
   622.4246    
   670.9148    
   857.8682    
   449.6851    
   317.5479    
   21.43033    
   419.6521    
   431.8307    
  0.0000000E+00
   9.347226    
   103.4061    
   293.1408    
   701.8274    
   763.9669    
   328.7891    
   35.06097    
   87.68457    
   860.2258    
  0.0000000E+00
   5.544690    
   12.19034    
   74.83688    
   244.3695    
   537.8033    
   832.7828    
   386.4730    
   52.81117    
   276.9131    
  0.0000000E+00
   8.103838    
   8.087593    
   4.578585    
   48.74430    
   136.5478    
   797.6979    
   935.7007    
   280.2074    
   238.4034    
  0.0000000E+00
   3.685563    
   17.30029    
   15.98768    
   13.04700    
   27.38800    
   463.5356    
   905.3829    
   771.4704    
   307.3030    
   5.965290    
   4.199368    
   9.577145    
   108.6492    
   12.75794    
   19.03103    
   57.33688    
   970.4343    
   693.0752    
   573.2043    
   39.75566    
   5.246127    
   7.471612    
   187.3838    
   167.7210    
   16.46600    
   70.78585    
   927.2019    
   532.0844    
  0.0000000E+00
  0.0000000E+00
   47.68419    
   13.42125    
   9.165991    
   318.0302    
   35.46164    
   41.95370    
  0.0000000E+00
  0.0000000E+00
  0.0000000E+00
  0.0000000E+00
  0.0000000E+00
  0.0000000E+00
  0.0000000E+00
  0.0000000E+00
  0.0000000E+00
  0.0000000E+00
   21.80607    
   51.86268    
   70.69968    
  0.0000000E+00
  0.0000000E+00
  0.0000000E+00
  0.0000000E+00
  0.0000000E+00
   111.6854    
   72.91141    
   30.90887    
   17.67903    
   18.75072    
  0.0000000E+00
  0.0000000E+00
  0.0000000E+00
  0.0000000E+00
   177.1144    
   184.9706    
   125.9592    
   86.54962    
   15.13117    
   5.393085    
  0.0000000E+00
  0.0000000E+00
  0.0000000E+00
   147.7027    
   165.4718    
   183.4514    
   156.3591    
   97.64224    
   18.57353    
   3.023165    
  0.0000000E+00
  0.0000000E+00
   53.72482    
   106.8802    
   101.7317    
   122.9715    
   44.52293    
   69.42554    
   16.65367    
   3.990062    
  0.0000000E+00
  0.0000000E+00
   14.79229    
   28.88336    
   11.72855    
   37.72880    
   36.83839    
   70.08744    
   24.29169    
   3.283167    
  0.0000000E+00
  0.0000000E+00
   12.22291    
   3.891877    
   7.288738    
   6.480780    
   9.832672    
   71.63971    
   30.15802    
   12.93481    
  0.0000000E+00
   35.67390    
   13.33558    
   6.379678    
   6.441537    
   15.21887    
  0.9608151    
   14.67549    
   24.09188    
   14.19377    
  0.0000000E+00
   15.70268    
   15.31137    
   23.73215    
   15.47325    
   15.89405    
   6.487435    
   10.09293    
   6.815095    
   8.445829    
  0.0000000E+00
   5.352588    
   14.71713    
   39.25232    
   21.91286    
   4.304645    
   3.654047    
   12.71508    
   5.922137    
   26.14140    
  0.0000000E+00
   51.44341    
   24.25256    
   83.87794    
   71.39836    
   10.82706    
   8.922690    
   59.86150    
   34.86101    
   14.61428    
   32.58431    
   22.52613    
   29.67584    
   125.5424    
   87.20518    
   25.69115    
   12.38508    
   15.82882    
   21.88827    
   5.126225    
   11.60713    
   4.334382    
   2.661732    
   20.65162    
   40.43989    
   32.62762    
   54.62735    
   58.35334    
   32.12259    
  0.0000000E+00
  0.0000000E+00
   6.477770    
   19.35462    
   92.24158    
   25.14304    
   57.92163    
   103.3976    
  0.0000000E+00
  0.0000000E+00
  0.0000000E+00
  0.0000000E+00
  0.0000000E+00
  0.0000000E+00
  0.0000000E+00
  0.0000000E+00
  0.0000000E+00
  0.0000000E+00
  0.0000000E+00
  0.0000000E+00
  0.0000000E+00
  0.0000000E+00
  0.0000000E+00
  0.0000000E+00
  0.0000000E+00
  0.0000000E+00
  0.0000000E+00
  0.0000000E+00
   964.5998    
   870.4424    
   419.4421    
  0.0000000E+00
  0.0000000E+00
  0.0000000E+00
  0.0000000E+00
  0.0000000E+00
   411.9732    
   865.9915    
   778.1282    
   874.2433    
   354.2735    
  0.0000000E+00
  0.0000000E+00
  0.0000000E+00
  0.0000000E+00
   532.7776    
   267.2700    
   156.8281    
   338.1137    
   607.1340    
   783.1096    
  0.0000000E+00
  0.0000000E+00
  0.0000000E+00
   483.8180    
   176.6359    
   346.2354    
   280.8451    
   121.9663    
   245.8071    
   397.1216    
  0.0000000E+00
  0.0000000E+00
  0.0000000E+00
   395.7324    
   430.1853    
   311.3273    
   226.8270    
   77.04396    
   232.1746    
   207.0530    
  0.0000000E+00
  0.0000000E+00
   35.81355    
   64.84903    
   112.9363    
   206.0694    
   232.8446    
   111.1127    
   57.92174    
   255.9124    
  0.0000000E+00
  0.0000000E+00
   42.82489    
   78.24693    
   111.4989    
   153.7636    
   371.8910    
   564.0159    
   394.7776    
   71.74049    
  0.0000000E+00
   440.6016    
   58.15135    
   27.15911    
   49.88157    
   153.7385    
   170.0073    
   394.7845    
   352.7232    
   642.6641    
  0.0000000E+00
   903.9834    
   483.5290    
   126.7018    
   14.27578    
   42.55259    
   154.9568    
   325.7388    
   635.1661    
   326.5254    
  0.0000000E+00
   987.3995    
   957.7819    
   396.7338    
   343.9475    
   40.70462    
   43.83252    
   282.4569    
   267.1474    
   591.7065    
  0.0000000E+00
   594.3605    
   958.7322    
   947.8721    
   539.2137    
   528.1791    
   92.21742    
   189.2483    
   172.9593    
   85.76842    
  0.0000000E+00
   127.2457    
   484.3063    
   994.5502    
   961.4171    
   921.0628    
   444.0218    
   113.1561    
   117.1900    
  0.0000000E+00
  0.0000000E+00
  0.0000000E+00
  0.0000000E+00
   961.7850    
   988.6746    
   994.3264    
   983.2583    
  0.0000000E+00
  0.0000000E+00
  0.0000000E+00
  0.0000000E+00
  0.0000000E+00
  0.0000000E+00
  0.0000000E+00
  0.0000000E+00
  0.0000000E+00
  0.0000000E+00
  0.0000000E+00
  0.0000000E+00
  0.0000000E+00
  0.0000000E+00
  0.0000000E+00
  0.0000000E+00
  0.0000000E+00
  0.0000000E+00
  0.0000000E+00
  0.0000000E+00
   43.56300    
   32.72092    
   69.01460    
  0.0000000E+00
  0.0000000E+00
  0.0000000E+00
  0.0000000E+00
  0.0000000E+00
   154.3484    
   334.0331    
   368.4465    
   178.5712    
   209.0703    
  0.0000000E+00
  0.0000000E+00
  0.0000000E+00
  0.0000000E+00
   36.13516    
   73.45273    
   411.7278    
   425.5812    
   496.1798    
   144.5920    
  0.0000000E+00
  0.0000000E+00
  0.0000000E+00
   2.202160    
   14.31193    
   28.10519    
   379.5478    
   484.0167    
   412.5970    
   225.6858    
  0.0000000E+00
  0.0000000E+00
  0.0000000E+00
   4.074782    
   4.291323    
   79.49780    
   249.4529    
   239.6818    
   147.8877    
   240.2753    
  0.0000000E+00
  0.0000000E+00
   1.580080    
   2.801105    
   101.2144    
   174.8661    
   168.2150    
   32.27584    
   53.77948    
   42.42518    
  0.0000000E+00
  0.0000000E+00
   8.074525    
   24.91512    
   266.4690    
   114.0927    
   33.33462    
   25.56003    
   47.66543    
   47.28861    
  0.0000000E+00
   26.81687    
   15.33820    
   100.9857    
   252.5683    
   217.9620    
   29.03596    
   66.07147    
   54.04197    
   149.7420    
  0.0000000E+00
   21.22193    
   27.81902    
   155.4874    
   300.1288    
   258.8531    
   20.25531    
   38.83442    
   115.8022    
   486.0112    
  0.0000000E+00
   12.92481    
   13.57758    
   315.0029    
   484.2980    
   130.4495    
   39.02909    
   98.88642    
   387.4178    
   388.4870    
  0.0000000E+00
   6.097730    
   9.689915    
   86.33790    
   237.8383    
   156.8700    
   156.0607    
   380.5471    
   469.2914    
   293.5933    
  0.0000000E+00
   2.561440    
   7.220675    
   51.74214    
   95.40128    
   140.5607    
   273.4438    
   302.6371    
   149.9134    
  0.0000000E+00
  0.0000000E+00
  0.0000000E+00
  0.0000000E+00
   20.07045    
   27.92323    
   32.52225    
   106.0557    
  0.0000000E+00
  0.0000000E+00
  0.0000000E+00
  0.0000000E+00
  0.0000000E+00
  0.0000000E+00
  0.0000000E+00
  0.0000000E+00
  0.0000000E+00
  0.0000000E+00
  0.0000000E+00
  0.0000000E+00
  0.0000000E+00
  0.0000000E+00
  0.0000000E+00
  0.0000000E+00
  0.0000000E+00
  0.0000000E+00
  0.0000000E+00
  0.0000000E+00
   7.044850    
   42.01269    
   367.2823    
  0.0000000E+00
  0.0000000E+00
  0.0000000E+00
  0.0000000E+00
  0.0000000E+00
   191.5107    
   18.72951    
   5.580488    
   13.98436    
   72.05758    
  0.0000000E+00
  0.0000000E+00
  0.0000000E+00
  0.0000000E+00
   882.9132    
   712.8123    
   315.1846    
   23.80852    
   36.15927    
   17.38665    
  0.0000000E+00
  0.0000000E+00
  0.0000000E+00
   996.0267    
   904.1825    
   743.2745    
   503.9827    
   148.7964    
   71.33223    
   316.8410    
  0.0000000E+00
  0.0000000E+00
  0.0000000E+00
   676.1102    
   912.8670    
   976.1646    
   941.4612    
   736.7664    
   222.6419    
   184.9529    
  0.0000000E+00
  0.0000000E+00
   573.9122    
   362.1231    
   219.4439    
   202.5939    
   715.2871    
   873.9190    
   973.5781    
   708.7536    
  0.0000000E+00
  0.0000000E+00
   883.4165    
   927.8918    
   642.9614    
   202.8009    
   330.8379    
   773.3139    
   655.8292    
   896.7048    
  0.0000000E+00
   962.1442    
   837.0474    
   821.6803    
   718.7553    
   477.0858    
   146.2223    
   104.1780    
   394.7063    
   373.8448    
  0.0000000E+00
   340.2053    
   541.9799    
   596.3043    
   952.7255    
   610.7126    
   532.9125    
   309.2980    
   104.5500    
   410.9500    
  0.0000000E+00
   20.57935    
   40.87998    
   49.52322    
   595.1486    
   792.6371    
   894.0155    
   843.0540    
   805.8978    
   264.5553    
  0.0000000E+00
   119.5481    
   34.18485    
   21.93728    
   204.2614    
   390.2490    
   886.4398    
   984.0300    
   987.3640    
   964.7271    
  0.0000000E+00
   174.4102    
   139.9921    
   201.0010    
   127.5965    
   166.8430    
   462.6003    
   400.9320    
   966.0195    
  0.0000000E+00
  0.0000000E+00
  0.0000000E+00
  0.0000000E+00
   321.5222    
   379.3574    
   420.1488    
   671.0710    
  0.0000000E+00
  0.0000000E+00
  0.0000000E+00 
