  0.0000000E+00
  0.0000000E+00
  0.0000000E+00
  0.0000000E+00
  0.0000000E+00
  0.0000000E+00
  0.0000000E+00
   360.1842    
   22.36441    
   15.74272    
  0.0000000E+00
  0.0000000E+00
  0.0000000E+00
  0.0000000E+00
  0.0000000E+00
   30.45175    
   173.1198    
   438.5840    
   187.1295    
   12.88326    
  0.0000000E+00
  0.0000000E+00
  0.0000000E+00
  0.0000000E+00
   77.27705    
   7.276920    
   39.16131    
   313.5708    
   352.9129    
   10.56873    
  0.0000000E+00
  0.0000000E+00
  0.0000000E+00
   296.7455    
   110.7765    
   8.293063    
   7.099107    
   135.0633    
   400.6880    
   185.7166    
  0.0000000E+00
  0.0000000E+00
   390.4137    
   483.3419    
   130.6818    
   79.21922    
   9.193241    
   21.31848    
   339.5010    
   305.5621    
  0.0000000E+00
  0.0000000E+00
   325.2387    
   454.5229    
   334.0701    
   46.36283    
   9.613131    
   14.20003    
   172.5810    
   347.2773    
  0.0000000E+00
  0.0000000E+00
   278.9471    
   302.8916    
   479.5731    
   180.6752    
   45.65764    
   12.76345    
   153.8080    
   262.3434    
  0.0000000E+00
   4.031803    
   97.30209    
   276.7398    
   404.1055    
   390.9286    
   167.7290    
   32.31448    
   52.10405    
   289.8451    
  0.0000000E+00
   3.122280    
   5.773847    
   67.65940    
   149.1642    
   328.1666    
   378.3243    
   212.6767    
   30.58726    
   255.7419    
  0.0000000E+00
   4.355590    
   6.134570    
   12.87017    
   71.41113    
   171.3158    
   325.4574    
   419.8289    
   286.4972    
   227.1699    
  0.0000000E+00
   1.230580    
   3.775440    
   10.44729    
   37.79175    
   16.14298    
   108.2503    
   433.8315    
   407.6166    
   83.65634    
   15.68217    
   1.634890    
   1.726190    
   21.87785    
   17.01698    
   12.84952    
   23.57455    
   203.1654    
   364.2015    
   265.1586    
   16.99143    
   11.05943    
   1.098148    
   34.42553    
   19.23987    
   14.98890    
   7.849558    
   164.4798    
   457.2466    
  0.0000000E+00
  0.0000000E+00
   8.450115    
   1.754037    
   8.481297    
   98.81458    
   48.49475    
   1.562635    
  0.0000000E+00
  0.0000000E+00
  0.0000000E+00
  0.0000000E+00
  0.0000000E+00
  0.0000000E+00
  0.0000000E+00
  0.0000000E+00
  0.0000000E+00
  0.0000000E+00
   6.880450    
   16.68355    
   21.96833    
  0.0000000E+00
  0.0000000E+00
  0.0000000E+00
  0.0000000E+00
  0.0000000E+00
   33.05664    
   24.11608    
   7.133242    
   14.63737    
   4.572745    
  0.0000000E+00
  0.0000000E+00
  0.0000000E+00
  0.0000000E+00
   43.98189    
   48.63988    
   39.51224    
   22.70132    
   4.199310    
  0.9411650    
  0.0000000E+00
  0.0000000E+00
  0.0000000E+00
   40.57688    
   42.47871    
   37.00131    
   47.78678    
   23.62157    
   3.685825    
   1.987237    
  0.0000000E+00
  0.0000000E+00
   32.04026    
   21.74426    
   25.29624    
   17.74737    
   14.69666    
   6.368560    
   1.014717    
  0.7769975    
  0.0000000E+00
  0.0000000E+00
   8.363675    
   3.603858    
   3.536395    
   14.54198    
   27.68606    
   20.94704    
   3.479432    
  0.9766100    
  0.0000000E+00
  0.0000000E+00
   2.189345    
  0.5316500    
   2.110625    
   1.943225    
   3.106110    
   20.82282    
   17.96768    
  0.8991100    
  0.0000000E+00
   1.416100    
   1.849305    
  0.5727125    
  0.9815750    
   5.549275    
  0.4580600    
   2.407600    
   5.482147    
   3.173410    
  0.0000000E+00
   2.237148    
   10.25225    
   4.674980    
   4.088275    
   2.385022    
   3.527925    
   1.698950    
  0.4140175    
   2.593415    
  0.0000000E+00
   1.175710    
   3.331640    
   16.81865    
   5.778233    
   1.722603    
  0.6268325    
   1.773740    
   3.420515    
   3.165160    
  0.0000000E+00
   9.127137    
   7.485063    
   26.50539    
   20.77946    
   2.170312    
   2.187773    
   10.73291    
   8.428730    
   5.868444    
   6.213375    
   9.840813    
   7.184265    
   22.72964    
   25.07745    
   3.754242    
   3.133098    
   2.428625    
   6.696150    
  0.8445350    
   2.964020    
   1.413913    
  0.5749000    
   6.128212    
   13.89658    
   11.50924    
   7.352878    
   13.82558    
   8.035830    
  0.0000000E+00
  0.0000000E+00
   1.960715    
   2.583752    
   7.251115    
   5.118830    
   10.36116    
   42.43019    
  0.0000000E+00
  0.0000000E+00
  0.0000000E+00
  0.0000000E+00
  0.0000000E+00
  0.0000000E+00
  0.0000000E+00
  0.0000000E+00
  0.0000000E+00
  0.0000000E+00
  0.0000000E+00
  0.0000000E+00
  0.0000000E+00
  0.0000000E+00
  0.0000000E+00
  0.0000000E+00
  0.0000000E+00
  0.0000000E+00
  0.0000000E+00
  0.0000000E+00
   478.6031    
   445.1942    
   309.8817    
  0.0000000E+00
  0.0000000E+00
  0.0000000E+00
  0.0000000E+00
  0.0000000E+00
   381.2984    
   371.6784    
   418.1277    
   467.0093    
   393.8405    
  0.0000000E+00
  0.0000000E+00
  0.0000000E+00
  0.0000000E+00
   24.24242    
   253.3142    
   111.9224    
   244.0130    
   426.2252    
   467.6797    
  0.0000000E+00
  0.0000000E+00
  0.0000000E+00
   53.59200    
   164.0679    
   128.4688    
   79.68216    
   149.9152    
   273.2880    
   438.3999    
  0.0000000E+00
  0.0000000E+00
  0.0000000E+00
   152.6213    
   75.39058    
   180.6843    
   113.6927    
   38.58115    
   136.0847    
   355.3514    
  0.0000000E+00
  0.0000000E+00
   28.41518    
   25.47265    
   32.11190    
   28.75133    
   74.20779    
   34.85965    
   45.96851    
   219.5497    
  0.0000000E+00
  0.0000000E+00
   64.75876    
   33.84468    
   43.38241    
   37.46904    
   56.40448    
   96.11966    
   117.9947    
   49.53091    
  0.0000000E+00
   337.2599    
   160.1499    
   35.52583    
   16.29791    
   45.78571    
   30.37960    
   145.7630    
   132.0084    
   234.8853    
  0.0000000E+00
   471.0876    
   340.3787    
   94.98981    
   15.78121    
   29.33538    
   45.24968    
   33.47985    
   58.33355    
   97.33980    
  0.0000000E+00
   480.1873    
   460.0114    
   378.3816    
   133.1568    
   17.11897    
   64.97417    
   101.6071    
   123.9886    
   91.62354    
  0.0000000E+00
   437.3234    
   422.8523    
   467.7567    
   450.9240    
   253.5123    
   42.61426    
   52.44083    
   53.39387    
   28.23928    
  0.0000000E+00
   403.4335    
   402.5660    
   483.2136    
   474.5187    
   486.1304    
   318.2413    
   60.06684    
   79.04668    
  0.0000000E+00
  0.0000000E+00
  0.0000000E+00
  0.0000000E+00
   404.5666    
   487.4739    
   493.2089    
   465.2536    
  0.0000000E+00
  0.0000000E+00
  0.0000000E+00
  0.0000000E+00
  0.0000000E+00
  0.0000000E+00
  0.0000000E+00
  0.0000000E+00
  0.0000000E+00
  0.0000000E+00
  0.0000000E+00
  0.0000000E+00
  0.0000000E+00
  0.0000000E+00
  0.0000000E+00
  0.0000000E+00
  0.0000000E+00
  0.0000000E+00
  0.0000000E+00
  0.0000000E+00
   3.638810    
   12.95650    
   36.31015    
  0.0000000E+00
  0.0000000E+00
  0.0000000E+00
  0.0000000E+00
  0.0000000E+00
   11.92016    
   29.11592    
   66.14384    
   29.20149    
   50.22802    
  0.0000000E+00
  0.0000000E+00
  0.0000000E+00
  0.0000000E+00
   2.360390    
   18.90064    
   60.62515    
   77.96660    
   93.62717    
   63.97522    
  0.0000000E+00
  0.0000000E+00
  0.0000000E+00
   1.233340    
   1.528650    
   14.17612    
   54.52581    
   95.18893    
   95.51268    
   93.17323    
  0.0000000E+00
  0.0000000E+00
  0.0000000E+00
   3.503862    
   1.367827    
   20.81278    
   54.12885    
   66.25484    
   84.16075    
   76.33410    
  0.0000000E+00
  0.0000000E+00
  0.9612500    
   1.714653    
   16.20377    
   31.52130    
   63.63425    
   34.35638    
   35.31736    
   59.20403    
  0.0000000E+00
  0.0000000E+00
   17.07503    
   5.630240    
   43.04075    
   39.43919    
   14.12728    
   6.768740    
   13.71590    
   50.20216    
  0.0000000E+00
   8.694560    
   7.324003    
   29.33398    
   69.45428    
   34.32021    
   30.10419    
   22.64783    
   36.37642    
   79.09830    
  0.0000000E+00
   3.557895    
   4.408065    
   45.89805    
   63.81001    
   71.44068    
   19.59420    
   23.80037    
   83.14728    
   98.77565    
  0.0000000E+00
   3.076205    
   2.766478    
   79.15318    
   98.21992    
   54.60997    
   13.82817    
   48.07252    
   92.25799    
   80.36032    
  0.0000000E+00
   3.070485    
   2.123335    
   37.38694    
   83.61951    
   71.98540    
   47.84203    
   87.41888    
   87.21889    
   35.07172    
  0.0000000E+00
   1.269910    
   1.815018    
   7.114347    
   49.46900    
   79.62993    
   51.98347    
   63.23529    
   27.58591    
  0.0000000E+00
  0.0000000E+00
  0.0000000E+00
  0.0000000E+00
   5.955750    
   27.71942    
   34.42052    
   36.69835    
  0.0000000E+00
  0.0000000E+00
  0.0000000E+00
  0.0000000E+00
  0.0000000E+00
  0.0000000E+00
  0.0000000E+00
  0.0000000E+00
  0.0000000E+00
  0.0000000E+00
  0.0000000E+00
  0.0000000E+00
  0.0000000E+00
  0.0000000E+00
  0.0000000E+00
  0.0000000E+00
  0.0000000E+00
  0.0000000E+00
  0.0000000E+00
  0.0000000E+00
   1.452180    
   9.150615    
   17.72573    
  0.0000000E+00
  0.0000000E+00
  0.0000000E+00
  0.0000000E+00
  0.0000000E+00
   44.63875    
   3.304030    
   2.221172    
   5.468368    
   10.05424    
  0.0000000E+00
  0.0000000E+00
  0.0000000E+00
  0.0000000E+00
   421.8208    
   319.2304    
   210.0084    
   7.519940    
   9.591043    
   14.44918    
  0.0000000E+00
  0.0000000E+00
  0.0000000E+00
   498.1579    
   373.9095    
   330.5000    
   282.7170    
   28.99731    
   20.49446    
   64.59236    
  0.0000000E+00
  0.0000000E+00
  0.0000000E+00
   360.9187    
   484.0448    
   484.5895    
   434.2741    
   284.2137    
   207.6386    
   45.66495    
  0.0000000E+00
  0.0000000E+00
   306.4461    
   411.2910    
   194.3613    
   325.0542    
   399.1004    
   397.6781    
   441.5648    
   380.8696    
  0.0000000E+00
  0.0000000E+00
   343.3649    
   357.8568    
   302.7148    
   202.2846    
   213.9746    
   189.8843    
   364.9944    
   459.7963    
  0.0000000E+00
   408.8108    
   419.7875    
   437.6096    
   286.7850    
   338.0129    
   221.1952    
   126.0425    
   271.1782    
   116.2898    
  0.0000000E+00
   49.44724    
   100.9349    
   277.7157    
   438.0144    
   393.4865    
   367.3229    
   299.3798    
   198.9827    
   97.04302    
  0.0000000E+00
   13.92053    
   10.08007    
   37.98491    
   281.8456    
   393.8878    
   471.8485    
   466.4189    
   403.1029    
   86.05737    
  0.0000000E+00
   16.52386    
   18.36093    
   16.89711    
   19.50325    
   91.92143    
   318.3496    
   487.5486    
   484.5800    
   445.1068    
  0.0000000E+00
   29.39436    
   39.85521    
   8.812448    
   76.35693    
   151.0821    
   101.8642    
   264.1221    
   471.8154    
  0.0000000E+00
  0.0000000E+00
  0.0000000E+00
  0.0000000E+00
   103.7361    
   33.15919    
   173.6434    
   175.0466    
  0.0000000E+00
  0.0000000E+00
  0.0000000E+00