  0.0000000E+00
  0.0000000E+00
  0.0000000E+00
  0.0000000E+00
  0.0000000E+00
  0.0000000E+00
  0.0000000E+00
  0.2708100    
  0.1849150    
  5.3780001E-02
  0.0000000E+00
  0.0000000E+00
  0.0000000E+00
  0.0000000E+00
  0.0000000E+00
  5.0346669E-02
  0.1876700    
  0.2829975    
  0.2225675    
  8.0739997E-02
  0.0000000E+00
  0.0000000E+00
  0.0000000E+00
  0.0000000E+00
  0.1543900    
  0.1492500    
  0.1178150    
  0.2262900    
  0.2757725    
  0.1713950    
  0.0000000E+00
  0.0000000E+00
  0.0000000E+00
  0.2545433    
  0.2235425    
  0.1870800    
  7.6459996E-02
  0.1359550    
  0.2860150    
  0.1809550    
  0.0000000E+00
  0.0000000E+00
  0.2039600    
  0.2763850    
  0.2271300    
  0.2037600    
  9.4489999E-02
  5.6465000E-02
  0.2390025    
  0.2465225    
  0.0000000E+00
  0.0000000E+00
  0.1824700    
  0.2228325    
  0.2531525    
  0.1516175    
  0.1882325    
  9.1682501E-02
  0.1574475    
  0.2573625    
  0.0000000E+00
  0.0000000E+00
  0.1645150    
  0.1586275    
  0.2792125    
  0.1621000    
  0.1458725    
  0.1377650    
  0.1560325    
  0.2267525    
  0.0000000E+00
  1.4940000E-02
  8.0994993E-02
  0.1529525    
  0.2520300    
  0.2716425    
  0.1469325    
  0.1341725    
  0.1064675    
  0.1962700    
  0.0000000E+00
  1.4687501E-02
  4.4862498E-02
  6.6117503E-02
  0.1724800    
  0.2577450    
  0.2725275    
  0.1933800    
  8.8832498E-02
  0.1897600    
  0.0000000E+00
  4.4650000E-02
  3.4809999E-02
  5.7787500E-02
  6.6847503E-02
  0.1425925    
  0.2787625    
  0.2748525    
  0.1864775    
  0.1512275    
  0.0000000E+00
  3.7289999E-02
  8.0812499E-02
  8.2865000E-02
  6.5752499E-02
  7.5162500E-02
  0.2108825    
  0.2961975    
  0.2865325    
  0.2323550    
  6.6344999E-02
  2.4994999E-02
  9.8062500E-02
  0.1680350    
  4.2980000E-02
  6.2934995E-02
  0.1235475    
  0.2957050    
  0.2927525    
  0.2224450    
  5.5360001E-02
  2.2870000E-02
  5.6845002E-02
  0.1169125    
  8.3030000E-02
  2.6334997E-02
  8.0177501E-02
  0.2601400    
  0.2819000    
  0.0000000E+00
  0.0000000E+00
  0.1075050    
  4.4197503E-02
  3.2449998E-02
  0.1585700    
  6.6152506E-02
  4.0964998E-02
  0.0000000E+00
  0.0000000E+00
  0.0000000E+00
  0.0000000E+00
  0.0000000E+00
  0.0000000E+00
  0.0000000E+00
  0.0000000E+00
  0.0000000E+00
  0.0000000E+00
  8.3266668E-02
  8.1702501E-02
  8.4006667E-02
  0.0000000E+00
  0.0000000E+00
  0.0000000E+00
  0.0000000E+00
  0.0000000E+00
  0.1216967    
  0.1069925    
  8.2542501E-02
  5.3635001E-02
  3.2145001E-02
  0.0000000E+00
  0.0000000E+00
  0.0000000E+00
  0.0000000E+00
  0.1070467    
  0.1447025    
  0.1439200    
  0.1299150    
  6.9124997E-02
  2.9479999E-02
  0.0000000E+00
  0.0000000E+00
  0.0000000E+00
  0.1231333    
  0.1308675    
  0.1392100    
  0.1399275    
  0.1308075    
  6.4667501E-02
  3.3217501E-02
  0.0000000E+00
  0.0000000E+00
  9.5100001E-02
  0.1039325    
  0.1057400    
  7.7747501E-02
  6.5167502E-02
  9.7229995E-02
  7.2195001E-02
  3.3994999E-02
  0.0000000E+00
  0.0000000E+00
  7.5674996E-02
  3.6020000E-02
  3.8912501E-02
  6.3730001E-02
  8.2497492E-02
  9.9979997E-02
  0.1006550    
  3.5680003E-02
  0.0000000E+00
  0.0000000E+00
  4.6647497E-02
  2.5369998E-02
  3.1489998E-02
  2.7857499E-02
  4.8667498E-02
  8.9907497E-02
  7.0677504E-02
  6.0020000E-02
  0.0000000E+00
  6.0333330E-02
  7.3254995E-02
  2.0700000E-02
  2.8757501E-02
  3.4600001E-02
  1.8345000E-02
  3.8470000E-02
  6.6042505E-02
  8.4252499E-02
  0.0000000E+00
  5.3707503E-02
  4.0435001E-02
  6.5805003E-02
  5.3967502E-02
  6.2634997E-02
  3.4965001E-02
  4.6425000E-02
  3.3247501E-02
  4.8099998E-02
  0.0000000E+00
  2.8577499E-02
  3.7814997E-02
  6.9075003E-02
  5.5717498E-02
  2.8107500E-02
  3.7390001E-02
  8.5565001E-02
  7.2540000E-02
  8.5155003E-02
  0.0000000E+00
  7.2402500E-02
  4.9002498E-02
  9.4825000E-02
  9.7722501E-02
  3.3934999E-02
  4.8272502E-02
  0.1045300    
  9.2610002E-02
  9.6780002E-02
  7.0085004E-02
  7.3689997E-02
  9.1329999E-02
  0.1242400    
  9.3630001E-02
  7.4090004E-02
  5.3612500E-02
  6.8185002E-02
  8.0422498E-02
  5.2540001E-02
  9.5440000E-02
  4.4095002E-02
  3.9609998E-02
  8.0669999E-02
  8.6845003E-02
  5.9232503E-02
  0.1079425    
  9.6747503E-02
  8.9780003E-02
  0.0000000E+00
  0.0000000E+00
  3.8465001E-02
  7.9909995E-02
  0.1338025    
  9.7010002E-02
  8.4035002E-02
  0.1310400    
  0.0000000E+00
  0.0000000E+00
  0.0000000E+00
  0.0000000E+00
  0.0000000E+00
  0.0000000E+00
  0.0000000E+00
  0.0000000E+00
  0.0000000E+00
  0.0000000E+00
  0.0000000E+00
  0.0000000E+00
  0.0000000E+00
  0.0000000E+00
  0.0000000E+00
  0.0000000E+00
  0.0000000E+00
  0.0000000E+00
  0.0000000E+00
  0.0000000E+00
  0.2906650    
  0.2942450    
  0.2921300    
  0.0000000E+00
  0.0000000E+00
  0.0000000E+00
  0.0000000E+00
  0.0000000E+00
  0.1182900    
  0.2155450    
  0.2717450    
  0.2906050    
  0.2950850    
  0.0000000E+00
  0.0000000E+00
  0.0000000E+00
  0.0000000E+00
  0.1815300    
  0.1538600    
  0.1191950    
  0.1496025    
  0.2655525    
  0.2879300    
  0.0000000E+00
  0.0000000E+00
  0.0000000E+00
  0.2540600    
  0.2385100    
  0.1698900    
  9.8572493E-02
  9.1947496E-02
  0.1716525    
  0.2688700    
  0.0000000E+00
  0.0000000E+00
  0.0000000E+00
  0.1428200    
  0.2191975    
  0.2256000    
  0.1779675    
  9.3449995E-02
  0.1333200    
  0.2113475    
  0.0000000E+00
  0.0000000E+00
  0.1215500    
  8.8387504E-02
  0.1263425    
  0.1799550    
  0.2038575    
  0.2317125    
  0.1360075    
  0.2008225    
  0.0000000E+00
  0.0000000E+00
  6.4254999E-02
  9.0580001E-02
  0.1415675    
  0.1905325    
  0.2306875    
  0.2052175    
  0.2479925    
  0.1675750    
  0.0000000E+00
  0.1418650    
  9.4537504E-02
  3.9910004E-02
  7.7050000E-02
  0.1127325    
  0.1502250    
  0.2467975    
  0.2626175    
  0.2263600    
  0.0000000E+00
  0.2523500    
  0.1497575    
  9.4485000E-02
  3.0760000E-02
  3.3115000E-02
  0.1289125    
  0.1976000    
  0.2045900    
  0.2346175    
  0.0000000E+00
  0.2689850    
  0.2519275    
  0.1438200    
  0.1214950    
  6.6817500E-02
  4.4235002E-02
  0.1267950    
  0.1741875    
  0.2172350    
  0.0000000E+00
  0.1973100    
  0.2790850    
  0.2569875    
  0.2119100    
  0.1906300    
  9.7405002E-02
  0.1045500    
  0.1143125    
  8.8550001E-02
  0.0000000E+00
  0.1017300    
  0.1978450    
  0.2903875    
  0.2895350    
  0.2767525    
  0.2210625    
  0.1120525    
  0.1575500    
  0.0000000E+00
  0.0000000E+00
  0.0000000E+00
  0.0000000E+00
  0.2660100    
  0.2931850    
  0.2978150    
  0.2871850    
  0.0000000E+00
  0.0000000E+00
  0.0000000E+00
  0.0000000E+00
  0.0000000E+00
  0.0000000E+00
  0.0000000E+00
  0.0000000E+00
  0.0000000E+00
  0.0000000E+00
  0.0000000E+00
  0.0000000E+00
  0.0000000E+00
  0.0000000E+00
  0.0000000E+00
  0.0000000E+00
  0.0000000E+00
  0.0000000E+00
  0.0000000E+00
  0.0000000E+00
  0.1220950    
  0.1236200    
  8.3200000E-02
  0.0000000E+00
  0.0000000E+00
  0.0000000E+00
  0.0000000E+00
  0.0000000E+00
  0.1423200    
  0.1655625    
  0.1602850    
  0.1372000    
  0.1294250    
  0.0000000E+00
  0.0000000E+00
  0.0000000E+00
  0.0000000E+00
  8.6960003E-02
  0.1288300    
  0.1920400    
  0.1940675    
  0.1968525    
  0.1409200    
  0.0000000E+00
  0.0000000E+00
  0.0000000E+00
  1.6000001E-02
  5.9352499E-02
  9.9362493E-02
  0.1726775    
  0.2072725    
  0.1954775    
  0.1748625    
  0.0000000E+00
  0.0000000E+00
  0.0000000E+00
  3.4022503E-02
  5.6410000E-02
  9.9254996E-02
  0.1880200    
  0.1801225    
  0.1291875    
  0.1399275    
  0.0000000E+00
  0.0000000E+00
  6.4735003E-02
  4.4509999E-02
  0.1137525    
  0.1586550    
  0.1567300    
  6.2720001E-02
  7.4287504E-02
  0.1150525    
  0.0000000E+00
  0.0000000E+00
  9.2902504E-02
  6.3709997E-02
  0.1466575    
  0.1519800    
  0.1098950    
  2.8310001E-02
  0.1155850    
  0.1057200    
  0.0000000E+00
  5.5195000E-02
  6.6009998E-02
  0.1452000    
  0.1432325    
  0.1425250    
  9.6279994E-02
  9.3584999E-02
  7.8092501E-02
  0.1271775    
  0.0000000E+00
  6.0529999E-02
  8.1420004E-02
  0.1713150    
  0.1571350    
  0.1456200    
  0.1007575    
  0.1238300    
  0.1000825    
  0.1902175    
  0.0000000E+00
  2.1384999E-02
  9.0505004E-02
  0.1819625    
  0.1658650    
  0.1172475    
  0.1099475    
  0.1238825    
  0.1617325    
  0.1736975    
  0.0000000E+00
  4.1644998E-02
  7.2564997E-02
  0.1210475    
  0.1356225    
  0.1085600    
  0.1244050    
  0.1617850    
  0.1689500    
  0.1537650    
  0.0000000E+00
  1.9959999E-02
  3.4649998E-02
  0.1159775    
  0.1296950    
  0.1170000    
  0.1410500    
  0.1447400    
  0.1163150    
  0.0000000E+00
  0.0000000E+00
  0.0000000E+00
  0.0000000E+00
  0.1513450    
  7.7480003E-02
  8.5319996E-02
  0.1182200    
  0.0000000E+00
  0.0000000E+00
  0.0000000E+00
  0.0000000E+00
  0.0000000E+00
  0.0000000E+00
  0.0000000E+00
  0.0000000E+00
  0.0000000E+00
  0.0000000E+00
  0.0000000E+00
  0.0000000E+00
  0.0000000E+00
  0.0000000E+00
  0.0000000E+00
  0.0000000E+00
  0.0000000E+00
  0.0000000E+00
  0.0000000E+00
  0.0000000E+00
  1.3414999E-02
  8.4739998E-02
  8.2659997E-02
  0.0000000E+00
  0.0000000E+00
  0.0000000E+00
  0.0000000E+00
  0.0000000E+00
  0.1919300    
  0.1715950    
  4.4537496E-02
  4.6152502E-02
  0.1300400    
  0.0000000E+00
  0.0000000E+00
  0.0000000E+00
  0.0000000E+00
  0.2909200    
  0.2883425    
  0.1808600    
  8.8229999E-02
  7.8957498E-02
  6.8654999E-02
  0.0000000E+00
  0.0000000E+00
  0.0000000E+00
  0.2930000    
  0.2501000    
  0.2460050    
  0.2778875    
  0.1768925    
  0.1106350    
  0.1080500    
  0.0000000E+00
  0.0000000E+00
  0.0000000E+00
  0.1722400    
  0.2668275    
  0.2840225    
  0.2523125    
  0.2323225    
  0.1708200    
  0.1197350    
  0.0000000E+00
  0.0000000E+00
  0.1960700    
  0.1281150    
  0.1608650    
  0.1476450    
  0.2300850    
  0.2174575    
  0.2615675    
  0.1887900    
  0.0000000E+00
  0.0000000E+00
  0.2689450    
  0.1912525    
  0.1305700    
  5.4542497E-02
  0.1305150    
  0.1703425    
  0.1694375    
  0.2283975    
  0.0000000E+00
  0.2861550    
  0.2939325    
  0.2946150    
  0.2430075    
  0.1593925    
  9.9812500E-02
  6.5274999E-02
  8.8275000E-02
  0.1000775    
  0.0000000E+00
  0.2193150    
  0.2926350    
  0.2887875    
  0.2808400    
  0.2028900    
  0.1895450    
  0.1377050    
  0.1308125    
  0.1033050    
  0.0000000E+00
  5.3955000E-02
  6.2142499E-02
  0.1488350    
  0.2645275    
  0.2703075    
  0.2193200    
  0.2356075    
  0.2442450    
  0.1842975    
  0.0000000E+00
  6.3395001E-02
  5.4935001E-02
  7.8340001E-02
  0.1411525    
  0.1757475    
  0.2502775    
  0.2865550    
  0.2834025    
  0.2889050    
  0.0000000E+00
  0.1745800    
  0.1365075    
  0.1061300    
  0.1163300    
  0.1592425    
  0.2136925    
  0.2115375    
  0.2220400    
  0.0000000E+00
  0.0000000E+00
  0.0000000E+00
  0.0000000E+00
  0.1044800    
  0.2147800    
  0.2015500    
  0.2306000    
  0.0000000E+00
  0.0000000E+00
  0.0000000E+00