  0.0000000E+00
  0.0000000E+00
  0.0000000E+00
  0.0000000E+00
  0.0000000E+00
  0.0000000E+00
  0.0000000E+00
  0.3000000    
  5.0000001E-02
  5.0000001E-02
  0.0000000E+00
  0.0000000E+00
  0.0000000E+00
  0.0000000E+00
  0.0000000E+00
  5.0000001E-02
  5.0000001E-02
  0.3000000    
  5.0000001E-02
  5.0000001E-02
  0.0000000E+00
  0.0000000E+00
  0.0000000E+00
  0.0000000E+00
  5.0000001E-02
  5.0000001E-02
  5.0000001E-02
  5.0000001E-02
  0.3000000    
  5.0000001E-02
  0.0000000E+00
  0.0000000E+00
  0.0000000E+00
  0.3000000    
  5.0000001E-02
  5.0000001E-02
  5.0000001E-02
  5.0000001E-02
  0.3000000    
  5.0000001E-02
  0.0000000E+00
  0.0000000E+00
  5.0000001E-02
  0.3000000    
  5.0000001E-02
  5.0000001E-02
  5.0000001E-02
  5.0000001E-02
  5.0000001E-02
  5.0000001E-02
  0.0000000E+00
  0.0000000E+00
  5.0000001E-02
  5.0000001E-02
  0.3000000    
  5.0000001E-02
  5.0000001E-02
  5.0000001E-02
  5.0000001E-02
  0.3000000    
  0.0000000E+00
  0.0000000E+00
  5.0000001E-02
  5.0000001E-02
  0.3000000    
  5.0000001E-02
  5.0000001E-02
  9.3840003E-02
  0.1632000    
  5.0000001E-02
  0.0000000E+00
  5.0000001E-02
  5.0000001E-02
  5.0000001E-02
  0.3000000    
  0.3000000    
  5.0000001E-02
  5.0000001E-02
  5.0000001E-02
  5.0000001E-02
  0.0000000E+00
  5.0000001E-02
  5.0000001E-02
  5.0000001E-02
  0.1734000    
  0.3000000    
  0.3000000    
  5.0000001E-02
  5.0000001E-02
  5.0000001E-02
  0.0000000E+00
  5.0000001E-02
  5.0000001E-02
  5.0000001E-02
  5.0000001E-02
  5.0000001E-02
  0.3000000    
  0.3000000    
  5.0000001E-02
  5.0000001E-02
  0.0000000E+00
  5.0000001E-02
  5.0000001E-02
  5.0000001E-02
  6.1200000E-02
  5.0000001E-02
  5.0000001E-02
  0.3000000    
  0.2856000    
  5.0000001E-02
  5.0000001E-02
  5.0000001E-02
  5.0000001E-02
  5.0000001E-02
  5.0000001E-02
  6.1200000E-02
  5.0000001E-02
  0.3000000    
  0.3000000    
  5.0000001E-02
  5.0000001E-02
  5.0000001E-02
  5.0000001E-02
  5.0000001E-02
  5.0000001E-02
  5.0000001E-02
  5.0000001E-02
  0.3000000    
  0.3000000    
  0.0000000E+00
  0.0000000E+00
  5.0000001E-02
  5.0000001E-02
  5.0000001E-02
  5.0000001E-02
  5.0000001E-02
  5.0000001E-02
  0.0000000E+00
  0.0000000E+00
  0.0000000E+00
  0.0000000E+00
  0.0000000E+00
  0.0000000E+00
  0.0000000E+00
  0.0000000E+00
  0.0000000E+00
  0.0000000E+00
  0.1500000    
  0.1500000    
  0.1500000    
  0.0000000E+00
  0.0000000E+00
  0.0000000E+00
  0.0000000E+00
  0.0000000E+00
  0.1500000    
  0.1500000    
  0.1500000    
  0.1500000    
  0.1500000    
  0.0000000E+00
  0.0000000E+00
  0.0000000E+00
  0.0000000E+00
  0.1500000    
  0.1500000    
  0.1500000    
  0.1500000    
  0.1500000    
  0.1500000    
  0.0000000E+00
  0.0000000E+00
  0.0000000E+00
  0.1500000    
  0.1500000    
  0.1500000    
  0.1500000    
  0.1500000    
  0.1500000    
  0.1500000    
  0.0000000E+00
  0.0000000E+00
  0.1500000    
  0.1500000    
  0.1500000    
  0.1500000    
  0.1500000    
  0.1500000    
  0.1500000    
  0.1500000    
  0.0000000E+00
  0.0000000E+00
  0.1500000    
  0.1500000    
  0.1500000    
  0.1500000    
  0.1500000    
  0.1500000    
  0.1500000    
  0.1500000    
  0.0000000E+00
  0.0000000E+00
  0.1500000    
  0.1500000    
  0.1500000    
  0.1500000    
  0.1500000    
  0.1020000    
  0.1020000    
  0.1500000    
  0.0000000E+00
  0.1500000    
  0.1500000    
  0.1500000    
  0.1500000    
  0.1500000    
  0.1500000    
  0.1500000    
  0.1500000    
  0.1500000    
  0.0000000E+00
  0.1500000    
  0.1500000    
  0.1500000    
  5.0999999E-02
  0.1500000    
  0.1500000    
  0.1500000    
  0.1500000    
  0.1500000    
  0.0000000E+00
  0.1500000    
  0.1500000    
  0.1500000    
  0.1500000    
  0.1500000    
  0.1500000    
  0.1500000    
  0.1500000    
  0.1500000    
  0.0000000E+00
  0.1500000    
  0.1500000    
  0.1500000    
  9.1799997E-02
  0.1500000    
  0.1500000    
  0.1500000    
  9.1799997E-02
  0.1500000    
  0.1500000    
  0.1500000    
  0.1500000    
  0.1500000    
  0.1500000    
  7.1400002E-02
  0.1500000    
  0.1500000    
  0.1500000    
  0.1500000    
  0.1500000    
  0.1500000    
  0.1500000    
  0.1500000    
  0.1500000    
  0.1500000    
  0.1500000    
  0.1500000    
  0.1500000    
  0.0000000E+00
  0.0000000E+00
  0.1500000    
  0.1500000    
  0.1500000    
  0.1500000    
  0.1500000    
  0.1500000    
  0.0000000E+00
  0.0000000E+00
  0.0000000E+00
  0.0000000E+00
  0.0000000E+00
  0.0000000E+00
  0.0000000E+00
  0.0000000E+00
  0.0000000E+00
  0.0000000E+00
  0.0000000E+00
  0.0000000E+00
  0.0000000E+00
  0.0000000E+00
  0.0000000E+00
  0.0000000E+00
  0.0000000E+00
  0.0000000E+00
  0.0000000E+00
  0.0000000E+00
  0.3000000    
  0.3000000    
  0.3000000    
  0.0000000E+00
  0.0000000E+00
  0.0000000E+00
  0.0000000E+00
  0.0000000E+00
  5.0000001E-02
  5.0000001E-02
  0.3000000    
  0.3000000    
  0.3000000    
  0.0000000E+00
  0.0000000E+00
  0.0000000E+00
  0.0000000E+00
  5.0000001E-02
  5.0000001E-02
  5.0000001E-02
  5.0000001E-02
  0.3000000    
  0.3000000    
  0.0000000E+00
  0.0000000E+00
  0.0000000E+00
  0.3000000    
  5.0000001E-02
  5.0000001E-02
  5.0000001E-02
  5.0000001E-02
  5.0000001E-02
  0.3000000    
  0.0000000E+00
  0.0000000E+00
  0.0000000E+00
  5.0000001E-02
  5.0000001E-02
  5.0000001E-02
  5.0000001E-02
  5.0000001E-02
  5.0000001E-02
  5.0000001E-02
  0.0000000E+00
  0.0000000E+00
  5.0000001E-02
  5.0000001E-02
  5.0000001E-02
  5.0000001E-02
  5.0000001E-02
  9.4860002E-02
  0.1326000    
  5.0000001E-02
  0.0000000E+00
  0.0000000E+00
  5.0000001E-02
  5.0000001E-02
  5.0000001E-02
  5.0000001E-02
  5.0000001E-02
  5.0000001E-02
  5.0000001E-02
  5.0000001E-02
  0.0000000E+00
  5.0000001E-02
  5.0000001E-02
  5.0000001E-02
  8.1600003E-02
  5.0000001E-02
  5.0000001E-02
  5.0000001E-02
  0.3000000    
  5.0000001E-02
  0.0000000E+00
  0.3000000    
  5.0000001E-02
  5.0000001E-02
  5.0000001E-02
  5.0000001E-02
  5.0000001E-02
  5.0000001E-02
  5.0000001E-02
  5.0000001E-02
  0.0000000E+00
  0.3000000    
  0.3000000    
  5.0000001E-02
  0.1224000    
  5.0000001E-02
  5.0000001E-02
  5.0000001E-02
  0.1734000    
  5.0000001E-02
  0.0000000E+00
  5.0000001E-02
  0.3000000    
  0.3000000    
  5.0000001E-02
  0.1938000    
  5.0000001E-02
  5.0000001E-02
  5.0000001E-02
  5.0000001E-02
  0.0000000E+00
  5.0000001E-02
  5.0000001E-02
  0.3000000    
  0.3000000    
  0.3000000    
  5.0000001E-02
  5.0000001E-02
  5.0000001E-02
  0.0000000E+00
  0.0000000E+00
  0.0000000E+00
  0.0000000E+00
  0.3000000    
  0.3000000    
  0.3000000    
  0.3000000    
  0.0000000E+00
  0.0000000E+00
  0.0000000E+00
  0.0000000E+00
  0.0000000E+00
  0.0000000E+00
  0.0000000E+00
  0.0000000E+00
  0.0000000E+00
  0.0000000E+00
  0.0000000E+00
  0.0000000E+00
  0.0000000E+00
  0.0000000E+00
  0.0000000E+00
  0.0000000E+00
  0.0000000E+00
  0.0000000E+00
  0.0000000E+00
  0.0000000E+00
  5.0000001E-02
  5.0000001E-02
  5.0000001E-02
  0.0000000E+00
  0.0000000E+00
  0.0000000E+00
  0.0000000E+00
  0.0000000E+00
  0.1700000    
  0.1700000    
  0.1700000    
  0.1700000    
  5.0000001E-02
  0.0000000E+00
  0.0000000E+00
  0.0000000E+00
  0.0000000E+00
  5.0000001E-02
  5.0000001E-02
  5.0000001E-02
  5.0000001E-02
  5.0000001E-02
  0.1700000    
  0.0000000E+00
  0.0000000E+00
  0.0000000E+00
  5.0000001E-02
  5.0000001E-02
  5.0000001E-02
  5.0000001E-02
  5.0000001E-02
  5.0000001E-02
  5.0000001E-02
  0.0000000E+00
  0.0000000E+00
  0.0000000E+00
  5.0000001E-02
  5.0000001E-02
  5.0000001E-02
  5.0000001E-02
  5.0000001E-02
  5.0000001E-02
  0.1700000    
  0.0000000E+00
  0.0000000E+00
  5.0000001E-02
  5.0000001E-02
  5.0000001E-02
  0.1700000    
  0.1700000    
  0.2040000    
  0.1326000    
  5.0000001E-02
  0.0000000E+00
  0.0000000E+00
  5.0000001E-02
  5.0000001E-02
  0.1700000    
  0.1700000    
  5.0000001E-02
  5.0000001E-02
  5.0000001E-02
  5.0000001E-02
  0.0000000E+00
  5.0000001E-02
  5.0000001E-02
  0.1700000    
  0.1428000    
  0.1700000    
  5.0000001E-02
  5.0000001E-02
  5.0000001E-02
  5.0000001E-02
  0.0000000E+00
  5.0000001E-02
  5.0000001E-02
  5.0000001E-02
  0.1700000    
  0.1700000    
  5.0000001E-02
  5.0000001E-02
  5.0000001E-02
  5.0000001E-02
  0.0000000E+00
  5.0000001E-02
  5.0000001E-02
  5.0000001E-02
  0.1632000    
  5.0000001E-02
  5.0000001E-02
  5.0000001E-02
  0.1632000    
  5.0000001E-02
  0.0000000E+00
  5.0000001E-02
  5.0000001E-02
  5.0000001E-02
  0.1700000    
  0.1122000    
  5.0000001E-02
  0.1700000    
  0.1700000    
  0.1700000    
  0.0000000E+00
  5.0000001E-02
  5.0000001E-02
  5.0000001E-02
  5.0000001E-02
  5.0000001E-02
  0.1700000    
  0.1700000    
  5.0000001E-02
  0.0000000E+00
  0.0000000E+00
  0.0000000E+00
  0.0000000E+00
  0.1700000    
  5.0000001E-02
  5.0000001E-02
  5.0000001E-02
  0.0000000E+00
  0.0000000E+00
  0.0000000E+00
  0.0000000E+00
  0.0000000E+00
  0.0000000E+00
  0.0000000E+00
  0.0000000E+00
  0.0000000E+00
  0.0000000E+00
  0.0000000E+00
  0.0000000E+00
  0.0000000E+00
  0.0000000E+00
  0.0000000E+00
  0.0000000E+00
  0.0000000E+00
  0.0000000E+00
  0.0000000E+00
  0.0000000E+00
  5.0000001E-02
  5.0000001E-02
  5.0000001E-02
  0.0000000E+00
  0.0000000E+00
  0.0000000E+00
  0.0000000E+00
  0.0000000E+00
  5.0000001E-02
  5.0000001E-02
  5.0000001E-02
  5.0000001E-02
  5.0000001E-02
  0.0000000E+00
  0.0000000E+00
  0.0000000E+00
  0.0000000E+00
  0.3000000    
  0.3000000    
  5.0000001E-02
  5.0000001E-02
  5.0000001E-02
  5.0000001E-02
  0.0000000E+00
  0.0000000E+00
  0.0000000E+00
  0.3000000    
  0.3000000    
  5.0000001E-02
  0.3000000    
  5.0000001E-02
  5.0000001E-02
  5.0000001E-02
  0.0000000E+00
  0.0000000E+00
  0.0000000E+00
  5.0000001E-02
  0.3000000    
  0.3000000    
  0.3000000    
  5.0000001E-02
  5.0000001E-02
  5.0000001E-02
  0.0000000E+00
  0.0000000E+00
  5.0000001E-02
  5.0000001E-02
  5.0000001E-02
  5.0000001E-02
  5.0000001E-02
  0.2346000    
  0.3000000    
  5.0000001E-02
  0.0000000E+00
  0.0000000E+00
  0.3000000    
  5.0000001E-02
  5.0000001E-02
  5.0000001E-02
  5.0000001E-02
  5.0000001E-02
  5.0000001E-02
  5.0000001E-02
  0.0000000E+00
  0.3000000    
  0.3000000    
  0.3000000    
  0.2448000    
  5.0000001E-02
  5.0000001E-02
  5.0000001E-02
  5.0000001E-02
  5.0000001E-02
  0.0000000E+00
  5.0000001E-02
  0.3000000    
  0.3000000    
  0.3000000    
  5.0000001E-02
  5.0000001E-02
  5.0000001E-02
  5.0000001E-02
  5.0000001E-02
  0.0000000E+00
  5.0000001E-02
  5.0000001E-02
  5.0000001E-02
  0.2652000    
  0.3000000    
  5.0000001E-02
  5.0000001E-02
  5.0000001E-02
  5.0000001E-02
  0.0000000E+00
  5.0000001E-02
  5.0000001E-02
  5.0000001E-02
  5.0000001E-02
  5.0000001E-02
  0.3000000    
  0.3000000    
  0.3000000    
  0.3000000    
  0.0000000E+00
  5.0000001E-02
  5.0000001E-02
  5.0000001E-02
  5.0000001E-02
  5.0000001E-02
  5.0000001E-02
  5.0000001E-02
  5.0000001E-02
  0.0000000E+00
  0.0000000E+00
  0.0000000E+00
  0.0000000E+00
  5.0000001E-02
  5.0000001E-02
  5.0000001E-02
  5.0000001E-02
  0.0000000E+00
  0.0000000E+00
  0.0000000E+00
  0.0000000E+00
  0.0000000E+00
  0.0000000E+00
  0.0000000E+00
  0.0000000E+00
  0.0000000E+00
  0.0000000E+00
   1000.000    
   400.0000    
   400.0000    
  0.0000000E+00
  0.0000000E+00
  0.0000000E+00
  0.0000000E+00
  0.0000000E+00
   400.0000    
   400.0000    
   1000.000    
   400.0000    
   400.0000    
  0.0000000E+00
  0.0000000E+00
  0.0000000E+00
  0.0000000E+00
   400.0000    
   400.0000    
   400.0000    
   400.0000    
   1000.000    
   400.0000    
  0.0000000E+00
  0.0000000E+00
  0.0000000E+00
   1000.000    
   400.0000    
   400.0000    
   400.0000    
   400.0000    
   1000.000    
   400.0000    
  0.0000000E+00
  0.0000000E+00
   400.0000    
   1000.000    
   400.0000    
   400.0000    
   400.0000    
   400.0000    
   400.0000    
   400.0000    
  0.0000000E+00
  0.0000000E+00
   400.0000    
   400.0000    
   1000.000    
   400.0000    
   400.0000    
   400.0000    
   400.0000    
   1000.000    
  0.0000000E+00
  0.0000000E+00
   400.0000    
   400.0000    
   1000.000    
   400.0000    
   400.0000    
   30.20220    
   590.7840    
   400.0000    
  0.0000000E+00
   400.0000    
   400.0000    
   400.0000    
   1000.000    
   1000.000    
   400.0000    
   400.0000    
   400.0000    
   400.0000    
  0.0000000E+00
   400.0000    
   400.0000    
   400.0000    
   249.2880    
   1000.000    
   1000.000    
   400.0000    
   400.0000    
   400.0000    
  0.0000000E+00
   400.0000    
   400.0000    
   400.0000    
   400.0000    
   400.0000    
   1000.000    
   1000.000    
   400.0000    
   400.0000    
  0.0000000E+00
   400.0000    
   400.0000    
   400.0000    
   13.30080    
   400.0000    
   400.0000    
   1000.000    
   786.9300    
   400.0000    
   400.0000    
   400.0000    
   400.0000    
   400.0000    
   400.0000    
   19.41060    
   400.0000    
   1000.000    
   1000.000    
   400.0000    
   400.0000    
   400.0000    
   400.0000    
   400.0000    
   400.0000    
   400.0000    
   400.0000    
   1000.000    
   1000.000    
  0.0000000E+00
  0.0000000E+00
   400.0000    
   400.0000    
   400.0000    
   400.0000    
   400.0000    
   400.0000    
  0.0000000E+00
  0.0000000E+00
  0.0000000E+00
  0.0000000E+00
  0.0000000E+00
  0.0000000E+00
  0.0000000E+00
  0.0000000E+00
  0.0000000E+00
  0.0000000E+00
   150.0000    
   150.0000    
   150.0000    
  0.0000000E+00
  0.0000000E+00
  0.0000000E+00
  0.0000000E+00
  0.0000000E+00
   150.0000    
   150.0000    
   150.0000    
   150.0000    
   150.0000    
  0.0000000E+00
  0.0000000E+00
  0.0000000E+00
  0.0000000E+00
   150.0000    
   150.0000    
   150.0000    
   150.0000    
   150.0000    
   150.0000    
  0.0000000E+00
  0.0000000E+00
  0.0000000E+00
   150.0000    
   150.0000    
   150.0000    
   150.0000    
   150.0000    
   150.0000    
   150.0000    
  0.0000000E+00
  0.0000000E+00
   150.0000    
   150.0000    
   150.0000    
   150.0000    
   150.0000    
   150.0000    
   150.0000    
   150.0000    
  0.0000000E+00
  0.0000000E+00
   150.0000    
   150.0000    
   150.0000    
   150.0000    
   150.0000    
   150.0000    
   150.0000    
   150.0000    
  0.0000000E+00
  0.0000000E+00
   150.0000    
   150.0000    
   150.0000    
   150.0000    
   150.0000    
   71.48160    
   24.78600    
   150.0000    
  0.0000000E+00
   150.0000    
   150.0000    
   150.0000    
   150.0000    
   150.0000    
   150.0000    
   150.0000    
   150.0000    
   150.0000    
  0.0000000E+00
   150.0000    
   150.0000    
   150.0000    
   16.08540    
   150.0000    
   150.0000    
   150.0000    
   150.0000    
   150.0000    
  0.0000000E+00
   150.0000    
   150.0000    
   150.0000    
   150.0000    
   150.0000    
   150.0000    
   150.0000    
   150.0000    
   150.0000    
  0.0000000E+00
   150.0000    
   150.0000    
   150.0000    
   72.81780    
   150.0000    
   150.0000    
   150.0000    
   35.55720    
   150.0000    
   150.0000    
   150.0000    
   150.0000    
   150.0000    
   150.0000    
   26.20380    
   150.0000    
   150.0000    
   150.0000    
   150.0000    
   150.0000    
   150.0000    
   150.0000    
   150.0000    
   150.0000    
   150.0000    
   150.0000    
   150.0000    
   150.0000    
  0.0000000E+00
  0.0000000E+00
   150.0000    
   150.0000    
   150.0000    
   150.0000    
   150.0000    
   150.0000    
  0.0000000E+00
  0.0000000E+00
  0.0000000E+00
  0.0000000E+00
  0.0000000E+00
  0.0000000E+00
  0.0000000E+00
  0.0000000E+00
  0.0000000E+00
  0.0000000E+00
  0.0000000E+00
  0.0000000E+00
  0.0000000E+00
  0.0000000E+00
  0.0000000E+00
  0.0000000E+00
  0.0000000E+00
  0.0000000E+00
  0.0000000E+00
  0.0000000E+00
   1000.000    
   1000.000    
   1000.000    
  0.0000000E+00
  0.0000000E+00
  0.0000000E+00
  0.0000000E+00
  0.0000000E+00
   400.0000    
   400.0000    
   1000.000    
   1000.000    
   1000.000    
  0.0000000E+00
  0.0000000E+00
  0.0000000E+00
  0.0000000E+00
   400.0000    
   400.0000    
   400.0000    
   400.0000    
   1000.000    
   1000.000    
  0.0000000E+00
  0.0000000E+00
  0.0000000E+00
   1000.000    
   400.0000    
   400.0000    
   400.0000    
   400.0000    
   400.0000    
   1000.000    
  0.0000000E+00
  0.0000000E+00
  0.0000000E+00
   400.0000    
   400.0000    
   400.0000    
   400.0000    
   400.0000    
   400.0000    
   400.0000    
  0.0000000E+00
  0.0000000E+00
   400.0000    
   400.0000    
   400.0000    
   400.0000    
   400.0000    
   78.58080    
   236.8440    
   400.0000    
  0.0000000E+00
  0.0000000E+00
   400.0000    
   400.0000    
   400.0000    
   400.0000    
   400.0000    
   400.0000    
   400.0000    
   400.0000    
  0.0000000E+00
   400.0000    
   400.0000    
   400.0000    
   50.87760    
   400.0000    
   400.0000    
   400.0000    
   1000.000    
   400.0000    
  0.0000000E+00
   1000.000    
   400.0000    
   400.0000    
   400.0000    
   400.0000    
   400.0000    
   400.0000    
   400.0000    
   400.0000    
  0.0000000E+00
   1000.000    
   1000.000    
   400.0000    
   350.7780    
   400.0000    
   400.0000    
   400.0000    
   272.4420    
   400.0000    
  0.0000000E+00
   400.0000    
   1000.000    
   1000.000    
   400.0000    
   538.7640    
   400.0000    
   400.0000    
   400.0000    
   400.0000    
  0.0000000E+00
   400.0000    
   400.0000    
   1000.000    
   1000.000    
   1000.000    
   400.0000    
   400.0000    
   400.0000    
  0.0000000E+00
  0.0000000E+00
  0.0000000E+00
  0.0000000E+00
   1000.000    
   1000.000    
   1000.000    
   1000.000    
  0.0000000E+00
  0.0000000E+00
  0.0000000E+00
  0.0000000E+00
  0.0000000E+00
  0.0000000E+00
  0.0000000E+00
  0.0000000E+00
  0.0000000E+00
  0.0000000E+00
  0.0000000E+00
  0.0000000E+00
  0.0000000E+00
  0.0000000E+00
  0.0000000E+00
  0.0000000E+00
  0.0000000E+00
  0.0000000E+00
  0.0000000E+00
  0.0000000E+00
   100.0000    
   100.0000    
   100.0000    
  0.0000000E+00
  0.0000000E+00
  0.0000000E+00
  0.0000000E+00
  0.0000000E+00
   500.0000    
   500.0000    
   500.0000    
   500.0000    
   100.0000    
  0.0000000E+00
  0.0000000E+00
  0.0000000E+00
  0.0000000E+00
   100.0000    
   100.0000    
   100.0000    
   100.0000    
   100.0000    
   500.0000    
  0.0000000E+00
  0.0000000E+00
  0.0000000E+00
   100.0000    
   100.0000    
   100.0000    
   100.0000    
   100.0000    
   100.0000    
   100.0000    
  0.0000000E+00
  0.0000000E+00
  0.0000000E+00
   100.0000    
   100.0000    
   100.0000    
   100.0000    
   100.0000    
   100.0000    
   500.0000    
  0.0000000E+00
  0.0000000E+00
   100.0000    
   100.0000    
   100.0000    
   500.0000    
   500.0000    
   244.4940    
   150.8580    
   100.0000    
  0.0000000E+00
  0.0000000E+00
   100.0000    
   100.0000    
   500.0000    
   500.0000    
   100.0000    
   100.0000    
   100.0000    
   100.0000    
  0.0000000E+00
   100.0000    
   100.0000    
   500.0000    
   257.6520    
   500.0000    
   100.0000    
   100.0000    
   100.0000    
   100.0000    
  0.0000000E+00
   100.0000    
   100.0000    
   100.0000    
   500.0000    
   500.0000    
   100.0000    
   100.0000    
   100.0000    
   100.0000    
  0.0000000E+00
   100.0000    
   100.0000    
   100.0000    
   494.0880    
   100.0000    
   100.0000    
   100.0000    
   395.1480    
   100.0000    
  0.0000000E+00
   100.0000    
   100.0000    
   100.0000    
   500.0000    
   160.0380    
   100.0000    
   500.0000    
   500.0000    
   500.0000    
  0.0000000E+00
   100.0000    
   100.0000    
   100.0000    
   100.0000    
   100.0000    
   500.0000    
   500.0000    
   100.0000    
  0.0000000E+00
  0.0000000E+00
  0.0000000E+00
  0.0000000E+00
   500.0000    
   100.0000    
   100.0000    
   100.0000    
  0.0000000E+00
  0.0000000E+00
  0.0000000E+00
  0.0000000E+00
  0.0000000E+00
  0.0000000E+00
  0.0000000E+00
  0.0000000E+00
  0.0000000E+00
  0.0000000E+00
  0.0000000E+00
  0.0000000E+00
  0.0000000E+00
  0.0000000E+00
  0.0000000E+00
  0.0000000E+00
  0.0000000E+00
  0.0000000E+00
  0.0000000E+00
  0.0000000E+00
   400.0000    
   400.0000    
   400.0000    
  0.0000000E+00
  0.0000000E+00
  0.0000000E+00
  0.0000000E+00
  0.0000000E+00
   400.0000    
   400.0000    
   400.0000    
   400.0000    
   400.0000    
  0.0000000E+00
  0.0000000E+00
  0.0000000E+00
  0.0000000E+00
   1000.000    
   1000.000    
   400.0000    
   400.0000    
   400.0000    
   400.0000    
  0.0000000E+00
  0.0000000E+00
  0.0000000E+00
   1000.000    
   1000.000    
   400.0000    
   1000.000    
   400.0000    
   400.0000    
   400.0000    
  0.0000000E+00
  0.0000000E+00
  0.0000000E+00
   400.0000    
   1000.000    
   1000.000    
   1000.000    
   400.0000    
   400.0000    
   400.0000    
  0.0000000E+00
  0.0000000E+00
   400.0000    
   400.0000    
   400.0000    
   400.0000    
   400.0000    
   751.5360    
   1000.000    
   400.0000    
  0.0000000E+00
  0.0000000E+00
   1000.000    
   400.0000    
   400.0000    
   400.0000    
   400.0000    
   400.0000    
   400.0000    
   400.0000    
  0.0000000E+00
   1000.000    
   1000.000    
   1000.000    
   733.1760    
   400.0000    
   400.0000    
   400.0000    
   400.0000    
   400.0000    
  0.0000000E+00
   400.0000    
   1000.000    
   1000.000    
   1000.000    
   400.0000    
   400.0000    
   400.0000    
   400.0000    
   400.0000    
  0.0000000E+00
   400.0000    
   400.0000    
   400.0000    
   607.0020    
   1000.000    
   400.0000    
   400.0000    
   400.0000    
   400.0000    
  0.0000000E+00
   400.0000    
   400.0000    
   400.0000    
   400.0000    
   400.0000    
   1000.000    
   1000.000    
   1000.000    
   1000.000    
  0.0000000E+00
   400.0000    
   400.0000    
   400.0000    
   400.0000    
   400.0000    
   400.0000    
   400.0000    
   400.0000    
  0.0000000E+00
  0.0000000E+00
  0.0000000E+00
  0.0000000E+00
   400.0000    
   400.0000    
   400.0000    
   400.0000    
  0.0000000E+00
  0.0000000E+00
  0.0000000E+00
