                                              Y1              Y1              Y1              Y1              Y1              Y1
                                           PRO-1           PRO-4           PRO-5          PRO-11          PRO-12          PRO-15
            TIME            DATE    Water Cut SC    Water Cut SC    Water Cut SC    Water Cut SC    Water Cut SC    Water Cut SC
           (day)                              ()              ()              ()              ()              ()              ()
       0.01 		  1967-01-01		0				0				0					0				0			0
	   1.0100000      1967-01-02    1.03217e-010    8.44951e-011    2.35352e-010    2.18805e-010    1.32545e-010    2.33810e-010
       31.000000      1967-02-01    3.15638e-009    1.27750e-009    5.05997e-007    4.45465e-009    4.44936e-009    6.37531e-007
       59.000000      1967-03-01    6.50604e-009    3.21949e-009    2.26739e-006    8.22363e-009    8.13926e-009    2.68706e-006
       90.000000      1967-04-01    9.76204e-009    5.67272e-009    5.36548e-006    1.17934e-008    1.12195e-008    6.18702e-006
       91.000000      1967-04-02    1.11951e-008    6.81028e-009    5.50829e-006    1.40708e-008    1.29130e-008    6.44305e-006
       120.00000      1967-05-01    2.59609e-008    1.49874e-008    1.09079e-005    3.19291e-008    2.79745e-008    1.80720e-005
       151.00000      1967-06-01    4.16060e-008    2.55842e-008    2.18780e-005    4.91370e-008    4.05182e-008    4.39001e-005
       181.00000      1967-07-01    5.45071e-008    3.51954e-008    3.46233e-005    6.33061e-008    4.99904e-008    7.65641e-005
       182.00000      1967-07-02    5.20417e-008    3.33413e-008    3.50484e-005    5.91873e-008    4.71208e-008    7.72834e-005
       212.00000      1967-08-01    4.33413e-008    3.30042e-008    4.51865e-005    4.73890e-008    3.66154e-008    9.18929e-005
       243.00000      1967-09-01    4.38783e-008    3.59605e-008    6.01950e-005    4.79254e-008    3.69092e-008     0.000114663
       273.00000      1967-10-01    4.62418e-008    3.86463e-008    7.46862e-005    5.04871e-008    3.91952e-008     0.000137099
       274.00000      1967-10-02    4.49689e-008    3.76662e-008    7.50164e-005    4.84637e-008    3.78140e-008     0.000137491
       304.00000      1967-11-01    3.83212e-008    3.36795e-008    8.14669e-005    4.01605e-008    3.04113e-008     0.000145672
       334.00000      1967-12-01    3.58236e-008    3.25331e-008    8.97557e-005    3.75737e-008    2.81429e-008     0.000157277
       365.00000      1968-01-01    3.48836e-008    3.19449e-008    9.75111e-005    3.67264e-008    2.75353e-008     0.000168427
       366.00000      1968-01-02      0.00000000      0.00000000      0.00000000      0.00000000      0.00000000      0.00000000
       731.00000      1969-01-01      0.00000000      0.00000000      0.00000000      0.00000000      0.00000000      0.00000000
       1096.0000      1970-01-01      0.00000000      0.00000000      0.00000000      0.00000000      0.00000000      0.00000000
       1461.0000      1971-01-01      0.00000000      0.00000000      0.00000000      0.00000000      0.00000000      0.00000000
       1462.0000      1971-01-02    2.48974e-009    2.59451e-009    8.47533e-005    3.19676e-009    2.46956e-009     0.000140954
       1642.0000      1971-07-01    4.37515e-008    2.95526e-008     0.000181776    5.37760e-008    4.04821e-008     0.000329756
       1826.0000      1972-01-01    1.08236e-007    8.50054e-008     0.000521483    1.43566e-007    9.82563e-008     0.000806474
       1827.0000      1972-01-02      0.00000000      0.00000000      0.00000000      0.00000000      0.00000000      0.00000000
       1840.0000      1972-01-15      0.00000000      0.00000000      0.00000000      0.00000000      0.00000000      0.00000000
       1841.0000      1972-01-16    9.74815e-008    8.92455e-008     0.000894993    1.38255e-007    8.50266e-008     0.000997590
       2008.0000      1972-07-01    1.74272e-007    1.52774e-007      0.00212570    3.66446e-007    2.13679e-007      0.00299366
       2192.0000      1973-01-01    2.58953e-007    2.36395e-007      0.00370881    9.05650e-007    7.10726e-007      0.00851081
       2193.0000      1973-01-02      0.00000000      0.00000000      0.00000000      0.00000000      0.00000000      0.00000000
       2206.0000      1973-01-15      0.00000000      0.00000000      0.00000000      0.00000000      0.00000000      0.00000000
       2207.0000      1973-01-16    2.07722e-007    2.03624e-007      0.00362875    7.87253e-007    6.24843e-007      0.00820103
       2373.0000      1973-07-01    3.15264e-007    2.89478e-007      0.00460208    1.53853e-006    1.81824e-006       0.0174036
       2557.0000      1974-01-01    4.55424e-007    3.93333e-007      0.00600896    3.43020e-006    7.54318e-006       0.0865258
       2558.0000      1974-01-02      0.00000000      0.00000000      0.00000000      0.00000000      0.00000000      0.00000000
       2571.0000      1974-01-15      0.00000000      0.00000000      0.00000000      0.00000000      0.00000000      0.00000000
       2572.0000      1974-01-16    3.90534e-007    3.44291e-007      0.00587393    3.17682e-006    7.33966e-006       0.0821398
       2738.0000      1974-07-01    6.04589e-007    4.63679e-007      0.00694822    5.72913e-006    1.91191e-005        0.173374
       2922.0000      1975-01-01    1.06530e-006    8.69429e-007       0.0117727    9.55692e-005    6.13556e-005        0.279220
       2923.0000      1975-01-02      0.00000000      0.00000000      0.00000000      0.00000000      0.00000000      0.00000000
       2936.0000      1975-01-15      0.00000000      0.00000000      0.00000000      0.00000000      0.00000000      0.00000000
       2937.0000      1975-01-16    9.74783e-007    7.84993e-007       0.0113016    9.19750e-005    6.09170e-005        0.267979
       3103.0000      1975-07-01    1.57273e-006    1.82316e-006       0.0186175      0.00165026     0.000120260        0.308206
       3287.0000      1976-01-01    3.21308e-006    1.12182e-005       0.0311195       0.0175704     0.000274502        0.325451
       3288.0000      1976-01-02      0.00000000      0.00000000      0.00000000      0.00000000      0.00000000      0.00000000
       3301.0000      1976-01-15      0.00000000      0.00000000      0.00000000      0.00000000      0.00000000      0.00000000
       3302.0000      1976-01-16    3.07728e-006    1.14489e-005       0.0305101       0.0168035     0.000272568        0.315105
       3469.0000      1976-07-01    5.47047e-006    4.51444e-005       0.0394735       0.0600116     0.000450731        0.319822
       3653.0000      1977-01-01    9.91144e-006     0.000171889       0.0556915        0.150472      0.00112889        0.315442
       3654.0000      1977-01-02      0.00000000      0.00000000      0.00000000      0.00000000      0.00000000      0.00000000
       3667.0000      1977-01-15      0.00000000      0.00000000      0.00000000      0.00000000      0.00000000      0.00000000
       3668.0000      1977-01-16    1.12779e-005     0.000241517       0.0609868        0.174600      0.00164161        0.304323
       3834.0000      1977-07-01    1.69024e-005     0.000576867       0.0764582        0.245378      0.00379249        0.305957
       4018.0000      1978-01-01    3.08689e-005      0.00549944        0.100172        0.329022      0.00875910        0.305673
       4019.0000      1978-01-02      0.00000000      0.00000000      0.00000000      0.00000000      0.00000000      0.00000000
       4032.0000      1978-01-15      0.00000000      0.00000000      0.00000000      0.00000000      0.00000000      0.00000000
       4033.0000      1978-01-16    3.48699e-005      0.00967507        0.103830        0.341321       0.0101847        0.295930
       4199.0000      1978-07-01    5.43524e-005       0.0257174        0.119188        0.396847       0.0226109        0.290788
       4383.0000      1979-01-01    9.48996e-005        0.121617        0.138467        0.449928       0.0611911        0.279754
       4384.0000      1979-01-02      0.00000000      0.00000000      0.00000000      0.00000000      0.00000000      0.00000000
       4397.0000      1979-01-15      0.00000000      0.00000000      0.00000000      0.00000000      0.00000000      0.00000000
       4398.0000      1979-01-16    9.28951e-005        0.125937        0.136578        0.443543       0.0615879        0.275226
       4564.0000      1979-07-01     0.000134271        0.223342        0.155599        0.478323        0.108862        0.273223
       4748.0000      1980-01-01     0.000194969        0.334289        0.175854        0.509662        0.177492        0.279703
       4749.0000      1980-01-02      0.00000000      0.00000000      0.00000000      0.00000000      0.00000000      0.00000000
       4762.0000      1980-01-15      0.00000000      0.00000000      0.00000000      0.00000000      0.00000000      0.00000000
       4763.0000      1980-01-16     0.000210012        0.368426        0.177785        0.504887        0.196951        0.281330
       4930.0000      1980-07-01     0.000288790        0.421150        0.190319        0.529685        0.245024        0.324561
       5114.0000      1981-01-01     0.000387467        0.463851        0.200768        0.551654        0.304355        0.353022
       5115.0000      1981-01-02      0.00000000      0.00000000      0.00000000      0.00000000      0.00000000      0.00000000
       5128.0000      1981-01-15      0.00000000      0.00000000      0.00000000      0.00000000      0.00000000      0.00000000
       5129.0000      1981-01-16     0.000422719        0.490595        0.201122        0.547916        0.329486        0.348491
       5295.0000      1981-07-01     0.000530185        0.507110        0.207609        0.565988        0.353035        0.362407
       5479.0000      1982-01-01     0.000806431        0.536168        0.215727        0.589165        0.388187        0.375328
       5480.0000      1982-01-02      0.00000000      0.00000000      0.00000000      0.00000000      0.00000000      0.00000000
       5493.0000      1982-01-15      0.00000000      0.00000000      0.00000000      0.00000000      0.00000000      0.00000000
       5494.0000      1982-01-16     0.000786074        0.561153        0.212399        0.579942        0.392885        0.363141
       5660.0000      1982-07-01      0.00101500        0.558952        0.217555        0.600166        0.404932        0.375868
       5844.0000      1983-01-01      0.00164037        0.570436        0.222648        0.620288        0.422883        0.385460
       5845.0000      1983-01-02      0.00000000      0.00000000      0.00000000      0.00000000      0.00000000      0.00000000
       5858.0000      1983-01-15      0.00000000      0.00000000      0.00000000      0.00000000      0.00000000      0.00000000
       5859.0000      1983-01-16      0.00168569        0.597906        0.219235        0.612623        0.428095        0.373603
       6025.0000      1983-07-01      0.00399776        0.588103        0.223707        0.632107        0.435646        0.384687

                                              Y1              Y1              Y1              Y1              Y1              Y1
                                           PRO-1           PRO-4           PRO-5          PRO-11          PRO-12          PRO-15
            TIME            DATE            Well            Well            Well            Well            Well            Well
                                     Bottom-hole     Bottom-hole     Bottom-hole     Bottom-hole     Bottom-hole     Bottom-hole
                                        Pressure        Pressure        Pressure        Pressure        Pressure        Pressure
           (day)                           (kPa)           (kPa)           (kPa)           (kPa)           (kPa)           (kPa)
    0.0099999998      1967-01-01		22590	22507.8	5951.38	22045.3	21574.1	21279.3	         
       1.0100000      1967-01-02        22557.6	22478.7	5912.24	21997.9	21537.1	21247.8	 
       31.000000      1967-02-01        22388.8	22383.1	5624.38	21806	21340.2	21089.9	 
       59.000000      1967-03-01        22317.9	22318.6	5411.23	21734.4	21269.9	20998.7	 
       90.000000      1967-04-01        22255.7	22254	5203.87	21670	21211	20904.8	 
       91.000000      1967-04-02        21269.4	21187.6	101.325	20059.1	19080.2	18421.2	 
       120.00000      1967-05-01        21044.4	21020.9	101.325	19794.9	18826.7	18114.9	 
       151.00000      1967-06-01        20912.9	20900.7	101.325	19651.3	18707.4	17857.4	 
       181.00000      1967-07-01        20807.2	20799.4	101.325	19534.3	18613.1	17619.1	 
       182.00000      1967-07-02        21820.2	21887	4209.48	21195.2	20801	20308	 
       212.00000      1967-08-01        21891.6	21887.8	4129.49	21290.7	20902.1	20308.8	 
       243.00000      1967-09-01        21882.1	21863.1	3990.62	21280.9	20891.8	20262	 
       273.00000      1967-10-01        21863.6	21839.7	3847.63	21261.6	20870.3	20213.4	 
       274.00000      1967-10-02        22368.5	22384.5	13450.7	22087	21957.4	21593.6	 
       304.00000      1967-11-01        22426.4	22421.3	13532.2	22159	22032.5	21627.6	 
       334.00000      1967-12-01        22441.5	22428.7	13535.6	22174.9	22047.7	21635.7	 
       365.00000      1968-01-01        22449.6	22434	13526	22183	22053.9	21640.5	 
       366.00000      1968-01-02        22951.4	22983.2	23118.6	23001.9	23132.1	23029.1	 
       731.00000      1969-01-01        23258.1	23253.8	23392.9	23318.3	23408.3	23350.8	 
       1096.0000      1970-01-01        23354.7	23358.1	23476.6	23413	23491	23467.8	 
       1461.0000      1971-01-01        23406.4	23411.7	23522.9	23464.2	23537.3	23525.4	 
       1462.0000      1971-01-02        21949.4	21821.1	101.325	21085.3	20377.2	19527.3	 
       1642.0000      1971-07-01        21233.1	21241.1	101.325	20271.5	19640.4	18401.7	 
       1826.0000      1972-01-01        20875.8	20845.2	101.325	19878.5	19307.5	17512.2	 
       1827.0000      1972-01-02        22449.4	22567.2	22738.2	22460.8	22681.8	22575.2	 
       1840.0000      1972-01-15        22584.3	22630.6	22848.5	22634.3	22848.5	22665	 
       1841.0000      1972-01-16        21038.2	20935	101.325	20096.5	19529.5	17641.4	 
       2008.0000      1972-07-01        20660.4	20513.5	101.325	19640.8	19104.8	16842.4	 
       2192.0000      1973-01-01        20449.1	20155.9	101.325	19391.8	18894.7	16160.6	 
       2193.0000      1973-01-02        22081.4	22192.6	22446.6	22079.7	22375.7	22179.9	 
       2206.0000      1973-01-15        22218.2	22271.9	22555.4	22272.1	22547.2	22281.8	 
       2207.0000      1973-01-16        20622.6	20267.8	101.325	19638.3	19125.4	16331.6	 
       2373.0000      1973-07-01        20309.4	19895.8	101.325	19222.6	18746.5	15126.2	 
       2557.0000      1974-01-01        20142.6	19612.4	101.325	19018.9	18568.5	12613	 
       2558.0000      1974-01-02        21810.8	21908.9	22243.1	21810.6	22163.4	21895.5	 
       2571.0000      1974-01-15        21951.4	22003.5	22351	22013.2	22338.2	22004.9	 
       2572.0000      1974-01-16        20307.3	19745.4	101.325	19287.8	18805.6	12893	 
       2738.0000      1974-07-01        20029.8	19425.7	101.325	18870	18431.7	9782.71	 
       2922.0000      1975-01-01        19849	19177.3	101.325	18534.2	18213.6	7617.27	 
       2923.0000      1975-01-02        21556.2	21634.3	22072.2	21553	21987.7	21604.5	 
       2936.0000      1975-01-15        21692.5	21754.8	22176.7	21762.1	22164.2	21729.9	 
       2937.0000      1975-01-16        20014.8	19344.2	101.325	18810.4	18455.4	8031.93	 
       3103.0000      1975-07-01        19732.6	19028.4	101.325	18202.2	18034.5	6822.67	 
       3287.0000      1976-01-01        19568.4	18821.2	101.325	17709	17784.8	6331.85	 
       3288.0000      1976-01-02        21332.3	21397.3	21920.4	21332.3	21831.6	21362.2	 
       3301.0000      1976-01-15        21467.4	21534.6	22022.9	21541.8	22012.3	21491.7	 
       3302.0000      1976-01-16        19747.1	19013.1	101.325	18006.1	18037.8	6775.07	 
       3469.0000      1976-07-01        19418.5	18679.4	101.325	17298.8	17574.7	6271.54	 
       3653.0000      1977-01-01        19139.1	18396.9	101.325	16733.3	17279.2	6185.7	 
       3654.0000      1977-01-02        21142.2	21241.7	21805.1	21129.8	21708.2	21183.9	 
       3667.0000      1977-01-15        21294.2	21398.2	21907.2	21348.4	21895.6	21318.1	 
       3668.0000      1977-01-16        19332.9	18617.2	101.325	17070.3	17547.2	6606.31	 
       3834.0000      1977-07-01        18946.4	18088.3	101.325	16167.6	17022.8	6184.32	 
       4018.0000      1978-01-01        18644.5	17482.3	101.325	14747.7	16608.3	6041.35	 
       4019.0000      1978-01-02        20981.1	21114.6	21707.8	20898	21609.5	21018.3	 
       4032.0000      1978-01-15        21132.9	21283.2	21810.6	21161.3	21801.2	21151.9	 
       4033.0000      1978-01-16        18844	17713.9	101.325	15229.8	16886.2	6420.94	 
       4199.0000      1978-07-01        18430.3	16675.4	101.325	12730	16156.2	6157.92	 
       4383.0000      1979-01-01        18088	15430.3	101.325	9560.3	15513.5	6079.73	 
       4384.0000      1979-01-02        20786.5	20971.2	21597.8	20632	21494.9	20848.3	 
       4397.0000      1979-01-15        20933	21159	21700.3	20935	21693.5	20969.5	 
       4398.0000      1979-01-16        18315.9	15714.9	101.325	10515.4	15808.8	6375.05	 
       4564.0000      1979-07-01        17825.4	14177.9	101.325	6749.77	14900	6006.21	 
       4748.0000      1980-01-01        17417.3	12872	101.325	3724.69	14184.7	5446.88	 
       4749.0000      1980-01-02        20490.8	20682.1	21438.2	20262.8	21314.6	20594.2	 
       4762.0000      1980-01-15        20645.1	20917.2	21543.4	20625.1	21531.4	20695	 
       4763.0000      1980-01-16        17666.2	13321.9	101.325	5691.72	14521.7	5745.62	 
       4930.0000      1980-07-01        17170.2	11937.6	101.325	2219.92	13569.7	-3298.93 
       5114.0000      1981-01-01        16814.3	10920.7	101.325	244.31	12996.5	101.325	 
       5115.0000      1981-01-02        20162.8	20365.7	21226.4	19910.6	21068.5	20329.1	 
       5128.0000      1981-01-15        20326.7	20628.6	21335.1	20310.6	21308.7	20427.4	 
       5129.0000      1981-01-16        17094.7	11410.2	101.325	2795.06	13391.2	101.325	 
       5295.0000      1981-07-01        16646.3	10280.6	101.325	101.325	12596.7	101.325	 
       5479.0000      1982-01-01        16368.1	9673.89	101.325	101.325	12185.8	101.325	 
       5480.0000      1982-01-02        19951.4	20145.9	21047.3	19732.7	20868.2	20140.2	 
       5493.0000      1982-01-15        20117.3	20438.5	21158.5	20121.4	21124.7	20223.7	 
       5494.0000      1982-01-16        16663	10322.9	101.325	976.449	12618.8	101.325	 
       5660.0000      1982-07-01        16218.2	9339.97	101.325	101.325	11873.3	101.325	 
       5844.0000      1983-01-01        15923.4	9015.62	101.325	101.325	11498.1	101.325	 
       5845.0000      1983-01-02        19781.5	19966.6	20904.4	19588.6	20712.2	19971.9	 
       5858.0000      1983-01-15        19947.5	20281.1	21018.1	19969.4	20980.3	20053.5	 
       5859.0000      1983-01-16        16232.6	9759.25	101.325	101.325	11958	101.325	 
       6025.0000      1983-07-01        15767.9	8822.18	101.325	101.325	11206.4	101.325	 

                                              Y1              Y1              Y1              Y1              Y1              Y1
                                           PRO-1           PRO-4           PRO-5          PRO-11          PRO-12          PRO-15
            TIME            DATE   Gas Oil Ratio   Gas Oil Ratio   Gas Oil Ratio   Gas Oil Ratio   Gas Oil Ratio   Gas Oil Ratio
                                              SC              SC              SC              SC              SC              SC
           (day)                         (m3/m3)         (m3/m3)         (m3/m3)         (m3/m3)         (m3/m3)         (m3/m3)
       0.01 		  1967-01-01			0				0				0					0				0					0
	   1.0100000      1967-01-02      74.00000000      74.00000000      74.00000000      74.00000000      74.00000000      74.00000000
       31.000000      1967-02-01      73.76360321      73.97419739      73.95459747      73.79299927      73.97000122      74.00000000
       59.000000      1967-03-01      73.50800323      73.78299713      73.77709961      73.54869843      73.79850006      73.91549683
       90.000000      1967-04-01      73.32309723      73.59230042      73.61190033      73.36640167      73.63800049      73.71179962
       91.000000      1967-04-02      73.25189972      73.51840210      73.58409882      73.26470184      73.55940247      73.64219666
       120.00000      1967-05-01      72.70379639      73.11969757      73.27380371      72.66999817      73.02480316      73.19450378
       151.00000      1967-06-01      72.26979828      72.73670197      72.98809814      72.23750305      72.67990112      72.76339722
       181.00000      1967-07-01      71.97959900      72.46130371      72.78800201      71.94550323      72.46009827      72.44290161
       182.00000      1967-07-02      72.03250122      72.51129913      72.79879761      72.02749634      72.52380371      72.49379730
       212.00000      1967-08-01      72.22879791      72.52050018      72.81770325      72.28050232      72.78029633      72.55380249
       243.00000      1967-09-01      72.21600342      72.44139862      72.75900269      72.27050018      72.77230072      72.48899841
       273.00000      1967-10-01      72.16120148      72.37239838      72.69319916      72.21640015      72.71420288      72.42220306
       274.00000      1967-10-02      72.19499969      72.39499664      72.73000336      72.26000214      72.75000000      72.45500183
       304.00000      1967-11-01      72.35220337      72.50229645      72.89830017      72.45899963      72.94979858      72.55380249
       334.00000      1967-12-01      72.41649628      72.53379822      72.95870209      72.52629852      73.01529694      72.60179901
       365.00000      1968-01-01      72.44129944      72.55000305      72.97879791      72.55100250      73.03369904      72.63059998
       366.00000      1968-01-02       0.00000000       0.00000000       0.00000000       0.00000000       0.00000000       0.00000000
       731.00000      1969-01-01       0.00000000       0.00000000       0.00000000       0.00000000       0.00000000       0.00000000
       1096.0000      1970-01-01       0.00000000       0.00000000       0.00000000       0.00000000       0.00000000       0.00000000
       1461.0000      1971-01-01       0.00000000       0.00000000       0.00000000       0.00000000       0.00000000       0.00000000
       1462.0000      1971-01-02      73.82499695      73.84329987      74.23609924      73.91829681      74.28330231      74.22170258
       1642.0000      1971-07-01      72.28919983      72.68710327      72.90270233      72.26670074      72.76370239      72.75969696
       1826.0000      1972-01-01      71.07430267      71.46360016      71.95189667      71.03739929      71.77220154      71.44480133
       1827.0000      1972-01-02       0.00000000       0.00000000       0.00000000       0.00000000       0.00000000       0.00000000
       1840.0000      1972-01-15       0.00000000       0.00000000       0.00000000       0.00000000       0.00000000       0.00000000
       1841.0000      1972-01-16      71.22669983      71.39330292      72.07550049      71.30329895      72.07669830      71.39669800
       2008.0000      1972-07-01      70.27600098      70.64479828      71.33200073      70.23429871      71.12789917      70.57540131
       2192.0000      1973-01-01      69.56629944      70.45120239      70.77020264      69.49469757      70.53649902      69.83509827
       2193.0000      1973-01-02       0.00000000       0.00000000       0.00000000       0.00000000       0.00000000       0.00000000
       2206.0000      1973-01-15       0.00000000       0.00000000       0.00000000       0.00000000       0.00000000       0.00000000
       2207.0000      1973-01-16      70.05999756      70.72669983      71.12830353      70.13999939      71.11329651      70.16670227
       2373.0000      1973-07-01      69.26509857      73.33809662      70.52670288      69.18180084      70.28859711      69.49459839
       2557.0000      1974-01-01      68.71430206      88.37359619      70.11309814      68.61949921      69.85340118      68.91380310
       2558.0000      1974-01-02       0.00000000       0.00000000       0.00000000       0.00000000       0.00000000       0.00000000
       2571.0000      1974-01-15       0.00000000       0.00000000       0.00000000       0.00000000       0.00000000       0.00000000
       2572.0000      1974-01-16      69.18000031      84.31330109      70.46749878      69.31330109      70.44000244      69.27330017
       2738.0000      1974-07-01      68.48580170     102.20200348      69.94879913      68.39630127      69.69570160      68.60669708
       2922.0000      1975-01-01      67.90979767     133.13000488      69.56089783      67.80950165      69.28659821      67.96119690
       2923.0000      1975-01-02       0.00000000       0.00000000       0.00000000       0.00000000       0.00000000       0.00000000
       2936.0000      1975-01-15       0.00000000       0.00000000       0.00000000       0.00000000       0.00000000       0.00000000
       2937.0000      1975-01-16      68.37329865     116.18699646      69.90679932      68.50669861      69.87999725      68.37329865
       3103.0000      1975-07-01      67.67919922     138.21899414      69.40339661      67.59140015      69.13629913      67.68939972
       3287.0000      1976-01-01      67.15869904     143.91200256      69.06939697      67.08699799      68.78140259      67.17030334
       3288.0000      1976-01-02       0.00000000       0.00000000       0.00000000       0.00000000       0.00000000       0.00000000
       3301.0000      1976-01-15       0.00000000       0.00000000       0.00000000       0.00000000       0.00000000       0.00000000
       3302.0000      1976-01-16      67.65329742     123.93299866      69.41349792      67.78669739      69.40000153      67.61329651
       3469.0000      1976-07-01      67.01760101     125.39099884      68.96589661      66.91739655      68.67780304      67.01059723
       3653.0000      1977-01-01      66.69300079     118.79100037      68.74790192      66.52050018      68.43589783      66.69370270
       3654.0000      1977-01-02       0.00000000       0.00000000       0.00000000       0.00000000       0.00000000       0.00000000
       3667.0000      1977-01-15       0.00000000       0.00000000       0.00000000       0.00000000       0.00000000       0.00000000
       3668.0000      1977-01-16      67.12000275     110.40000153      69.03880310      67.16000366      69.00000000      67.06670380
       3834.0000      1977-07-01      66.79869843     110.24500275      68.65280151      66.27169800      68.35079956      66.54160309
       4018.0000      1978-01-01      66.98249817     103.08399963      68.42279816      66.16539764      68.10369873      66.17440033
       4019.0000      1978-01-02       0.00000000       0.00000000       0.00000000       0.00000000       0.00000000       0.00000000
       4032.0000      1978-01-15       0.00000000       0.00000000       0.00000000       0.00000000       0.00000000       0.00000000
       4033.0000      1978-01-16      67.44000244      92.90670013      68.71720123      67.12000275      68.69329834      66.53330231
       4199.0000      1978-07-01      69.21649933      90.73539734      68.30300140      68.30120087      67.99590302      65.99520111
       4383.0000      1979-01-01      74.90699768      86.26069641      68.01570129      91.28379822      67.66799927      65.56529999
       4384.0000      1979-01-02       0.00000000       0.00000000       0.00000000       0.00000000       0.00000000       0.00000000
       4397.0000      1979-01-15       0.00000000       0.00000000       0.00000000       0.00000000       0.00000000       0.00000000
       4398.0000      1979-01-16      73.54669952      82.34670258      68.35340118      86.26670074      68.33329773      65.91999817
       4564.0000      1979-07-01      78.10669708      84.38549805      67.89600372     114.93299866      67.53900146      65.36260223
       4748.0000      1980-01-01      88.17900085      87.57700348      67.58930206     140.51699829      67.16670227      64.85549927
       4749.0000      1980-01-02       0.00000000       0.00000000       0.00000000       0.00000000       0.00000000       0.00000000
       4762.0000      1980-01-15       0.00000000       0.00000000       0.00000000       0.00000000       0.00000000       0.00000000
       4763.0000      1980-01-16      81.76000214      85.65329742      67.84590149     130.45300293      67.78669739      65.09329987
       4930.0000      1980-07-01      96.39920044      89.86239624      67.29290009     152.18099976      66.82630157      66.40640259
       5114.0000      1981-01-01     104.08499908      96.58149719      66.94889832     161.80799866      66.40070343      72.08910370
       5115.0000      1981-01-02       0.00000000       0.00000000       0.00000000       0.00000000       0.00000000       0.00000000
       5128.0000      1981-01-15       0.00000000       0.00000000       0.00000000       0.00000000       0.00000000       0.00000000
       5129.0000      1981-01-16      92.48000336      90.10669708      67.19999695     142.72000122      67.06670380      74.04080200
       5295.0000      1981-07-01     101.70999908      95.40769958      66.68740082     161.04499817      66.10250092      83.37909698
       5479.0000      1982-01-01     106.23600006     103.65699768      66.24230194     162.94500732      65.59059906     113.82900238
       5480.0000      1982-01-02       0.00000000       0.00000000       0.00000000       0.00000000       0.00000000       0.00000000
       5493.0000      1982-01-15       0.00000000       0.00000000       0.00000000       0.00000000       0.00000000       0.00000000
       5494.0000      1982-01-16      91.59999847      91.41329956      66.63659668     141.30700684      66.42669678      97.31510162
       5660.0000      1982-07-01     101.23500061      99.08920288      66.11160278     160.68699646      65.46140289     115.29299927
       5844.0000      1983-01-01     104.92700195     102.47499847      65.78450012     162.79100037      65.08439636     124.00199890
       5845.0000      1983-01-02       0.00000000       0.00000000       0.00000000       0.00000000       0.00000000       0.00000000
       5858.0000      1983-01-15       0.00000000       0.00000000       0.00000000       0.00000000       0.00000000       0.00000000
       5859.0000      1983-01-16      89.30670166      91.17330170      66.18360138     140.98599243      65.97329712     105.16100311
       6025.0000      1983-07-01      99.72399902      97.61109924      65.69480133     160.53999329      64.99729919     117.30400085

