   3.120000    
   3.120000    
   3.120000    
   3.120000    
   3.120000    
   3.120000    
   3.120000    
   185.0399    
  0.8091011    
   8.050465    
   3.120000    
   3.120000    
   3.120000    
   3.120000    
   3.120000    
   24.89989    
   67.51040    
   241.2536    
   28.25700    
  4.6209335E-02
   3.120000    
   3.120000    
   3.120000    
   3.120000    
   22.65784    
   2.302153    
   44.98516    
   157.1038    
   188.3155    
   5.797009    
   3.120000    
   3.120000    
   3.120000    
   110.7233    
   83.95580    
   5.651136    
   3.680213    
   43.30503    
   222.7486    
   70.35170    
   3.120000    
   3.120000    
   171.5337    
   266.4005    
   45.87361    
   4.053116    
   1.136056    
   18.79516    
   140.2667    
   140.6480    
   3.120000    
   3.120000    
   101.5243    
   235.2079    
   142.8045    
   60.30877    
   20.95811    
   1.851030    
   9.371399    
   112.5436    
   3.120000    
   3.120000    
   85.91982    
   78.42931    
   287.5225    
   22.20250    
   54.64396    
   1.374909    
   3.853607    
   142.2802    
   3.120000    
   1.438075    
   62.79784    
   200.7971    
   229.6164    
   170.7542    
   78.83457    
   19.63954    
   24.37108    
   91.71069    
   3.120000    
   1.426275    
   1.266183    
   40.23416    
   70.47401    
   189.9179    
   154.9580    
   108.3348    
   12.43889    
   166.3446    
   3.120000    
   1.348657    
  0.1553483    
   8.378521    
   54.75050    
   125.4813    
   142.1945    
   220.2900    
   195.9746    
   165.4271    
   3.120000    
   3.048346    
   4.522969    
   2.988389    
   30.61116    
   3.709331    
   20.20620    
   236.9553    
   164.2950    
   34.63266    
   10.81205    
   2.555626    
   4.390691    
   10.83038    
   9.298636    
   3.831055    
   6.505390    
   32.64180    
   164.5954    
   110.0888    
  0.3263302    
   6.418561    
   4.536201    
   20.65800    
   46.45252    
   5.843399    
   17.70362    
   37.25230    
   262.7994    
   3.120000    
   3.120000    
   11.33933    
   5.309785    
   2.698063    
   11.18845    
   34.62537    
   16.21210    
   3.120000    
   3.120000    
   3.120000    
   3.120000    
   3.120000    
   3.120000    
   3.120000    
   3.120000    
   3.120000    
   3.120000    
   1.815530    
  0.1145210    
   4.308540    
   3.120000    
   3.120000    
   3.120000    
   3.120000    
   3.120000    
   4.722820    
   4.954130    
   4.361928    
   7.019983    
   5.082714    
   3.120000    
   3.120000    
   3.120000    
   3.120000    
   6.356480    
   21.81533    
   1.840740    
   11.96514    
   3.762372    
   4.169872    
   3.120000    
   3.120000    
   3.120000    
   9.226429    
   19.33474    
   21.73644    
   11.47110    
   6.200270    
   5.618946    
   2.122036    
   3.120000    
   3.120000    
   12.63658    
   18.22808    
   8.570250    
   16.85733    
   1.197620    
   15.65964    
   7.805202    
   3.465045    
   3.120000    
   3.120000    
  0.6385102    
   7.846092    
   3.081369    
   1.155210    
   13.36238    
   4.027599    
   7.221778    
   3.290589    
   3.120000    
   3.120000    
   5.221650    
   3.651773    
   3.509727    
   3.054200    
   3.296718    
   7.562380    
   7.502290    
   6.076624    
   3.120000    
   12.35635    
   5.628599    
   4.647649    
   4.418586    
   2.766337    
   2.940890    
   5.345079    
   5.412353    
   4.066813    
   3.120000    
   6.368211    
   2.590214    
   6.380680    
   3.951123    
   4.979502    
   1.783981    
   4.776374    
   4.658864    
   3.153907    
   3.120000    
   3.662228    
   3.555897    
   3.486169    
   3.333159    
   2.485029    
   3.509884    
   4.936450    
   1.716155    
   9.650980    
   3.120000    
   11.06124    
   3.913857    
   7.044209    
   4.599379    
   4.940691    
   3.490895    
   10.68895    
   5.497780    
   1.065984    
   6.231605    
   1.011744    
   4.683275    
   24.19027    
   11.73176    
   7.295778    
   4.190118    
   6.119878    
   2.829831    
   3.752566    
   4.282586    
   2.752868    
   3.348660    
   3.264074    
  0.3312101    
   1.033480    
   12.15087    
   5.155040    
   2.946851    
   3.120000    
   3.120000    
   2.933792    
   6.255684    
   24.57011    
   6.173720    
   9.706129    
   12.10352    
   3.120000    
   3.120000    
   3.120000    
   3.120000    
   3.120000    
   3.120000    
   3.120000    
   3.120000    
   3.120000    
   3.120000    
   3.120000    
   3.120000    
   3.120000    
   3.120000    
   3.120000    
   3.120000    
   3.120000    
   3.120000    
   3.120000    
   3.120000    
   272.5534    
   213.6178    
   160.8222    
   3.120000    
   3.120000    
   3.120000    
   3.120000    
   3.120000    
   253.3614    
   177.0985    
   192.1970    
   253.0652    
   286.6853    
   3.120000    
   3.120000    
   3.120000    
   3.120000    
   167.5714    
   161.4495    
   65.02445    
   145.4131    
   234.1940    
   264.0113    
   3.120000    
   3.120000    
   3.120000    
   73.31790    
   108.0795    
  0.3771973    
   22.07174    
   102.6700    
   189.1788    
   295.0595    
   3.120000    
   3.120000    
   3.120000    
   36.72791    
   60.65652    
   61.65459    
   50.25445    
   11.44405    
   61.43891    
   280.9123    
   3.120000    
   3.120000    
   11.88252    
  0.5615692    
   11.27100    
   36.78333    
   10.57918    
   2.698662    
   24.44391    
   124.6346    
   3.120000    
   3.120000    
   50.20334    
   5.529551    
   1.308800    
   10.87946    
   43.81412    
   71.90884    
   32.82920    
   27.24185    
   3.120000    
   210.5743    
   139.9243    
   22.76415    
   2.363150    
   10.07400    
   20.75944    
   10.68970    
   14.33741    
   61.15370    
   3.120000    
   285.1988    
   167.6418    
   59.67678    
   8.438592    
   13.46824    
   9.985939    
   94.49915    
   173.1240    
  0.1037979    
   3.120000    
   241.7610    
   218.0403    
   242.0611    
   22.82890    
   1.144271    
   49.46772    
   22.79336    
   38.39630    
   74.03066    
   3.120000    
   264.9793    
   220.6103    
   240.5120    
   264.1328    
   87.26689    
   9.575542    
   17.80299    
   1.702229    
  6.5271378E-02
   3.120000    
   368.0931    
   238.0579    
   287.7640    
   247.0726    
   288.5568    
   157.5944    
   21.41267    
   41.53168    
   3.120000    
   3.120000    
   3.120000    
   3.120000    
   206.8878    
   274.8199    
   306.7327    
   213.4173    
   3.120000    
   3.120000    
   3.120000    
   3.120000    
   3.120000    
   3.120000    
   3.120000    
   3.120000    
   3.120000    
   3.120000    
   3.120000    
   3.120000    
   3.120000    
   3.120000    
   3.120000    
   3.120000    
   3.120000    
   3.120000    
   3.120000    
   3.120000    
   14.67620    
   1.243570    
   12.70798    
   3.120000    
   3.120000    
   3.120000    
   3.120000    
   3.120000    
   39.02587    
   84.59238    
   49.80216    
   22.17009    
   8.637459    
   3.120000    
   3.120000    
   3.120000    
   3.120000    
   12.71990    
   9.731010    
   53.42445    
   60.92580    
   75.41364    
   11.61169    
   3.120000    
   3.120000    
   3.120000    
   2.545971    
   6.684085    
   3.746779    
   48.64359    
   88.12557    
   48.03873    
   18.60741    
   3.120000    
   3.120000    
   3.120000    
  0.9519229    
   3.032011    
   6.736540    
   29.47626    
   11.73812    
   35.30739    
   10.97185    
   3.120000    
   3.120000    
   2.628120    
   2.421442    
   23.43677    
   16.29992    
   5.517670    
   22.59572    
   15.02036    
   42.85186    
   3.120000    
   3.120000    
   11.35310    
   5.050870    
   36.00867    
  0.1001282    
   3.003430    
   3.744689    
   2.667349    
   29.74070    
   3.120000    
   4.104550    
  0.8992567    
   7.659019    
   11.72121    
   48.16281    
   19.64982    
   2.669668    
   13.71116    
   21.11458    
   3.120000    
   6.103123    
   8.736095    
   1.594963    
   27.55637    
   4.505959    
   10.67692    
   6.524078    
   39.80686    
   59.57045    
   3.120000    
   4.785316    
   5.375897    
   20.80434    
   53.92748    
   3.710419    
   2.679940    
   11.46406    
   31.50781    
   51.64928    
   3.120000    
   1.675890    
   3.553550    
   5.982401    
  0.8914185    
   20.17054    
   3.124760    
   51.58152    
   48.62941    
   40.68322    
   3.120000    
   2.506677    
   3.381128    
   13.19850    
   15.17958    
   30.47809    
   19.38508    
   52.74201    
   23.19625    
   3.120000    
   3.120000    
   3.120000    
   3.120000    
   4.217390    
   16.91929    
   21.48527    
   5.689941    
   3.120000    
   3.120000    
   3.120000    
   3.120000    
   3.120000    
   3.120000    
   3.120000    
   3.120000    
   3.120000    
   3.120000    
   3.120000    
   3.120000    
   3.120000    
   3.120000    
   3.120000    
   3.120000    
   3.120000    
   3.120000    
   3.120000    
   3.120000    
   4.100726    
   6.810835    
   105.7747    
   3.120000    
   3.120000    
   3.120000    
   3.120000    
   3.120000    
   27.24965    
   5.086526    
   2.876065    
   2.706237    
   12.06689    
   3.120000    
   3.120000    
   3.120000    
   3.120000    
   229.4329    
   105.2916    
   121.9676    
   2.886510    
   3.587027    
   5.061693    
   3.120000    
   3.120000    
   3.120000    
   306.7259    
   140.5152    
   145.8443    
   147.1152    
   23.36041    
   3.460680    
   52.63244    
   3.120000    
   3.120000    
   3.120000    
   141.5002    
   292.9658    
   278.2678    
   256.8756    
   51.96492    
   150.8879    
   16.61638    
   3.120000    
   3.120000    
   136.9956    
   274.8150    
   130.4074    
   248.6444    
   216.2433    
   194.2495    
   240.1838    
   197.4031    
   3.120000    
   3.120000    
   165.7891    
   169.8986    
   87.61371    
   134.9891    
   92.80630    
   24.43871    
   190.2162    
   223.3716    
   3.120000    
   182.8032    
   220.0930    
   237.0169    
   61.20840    
   166.7114    
   174.0274    
   88.55945    
   154.0040    
   5.420601    
   3.120000    
   66.26517    
   63.57830    
   113.5957    
   196.4230    
   175.8791    
   209.5747    
   187.5978    
   166.6464    
   7.706474    
   3.120000    
   3.511821    
   4.349730    
   16.88881    
   93.08011    
   158.6383    
   265.9827    
   238.9135    
   169.5452    
   1.776871    
   3.120000    
   27.66225    
   3.407709    
   6.804560    
   40.16368    
   51.20166    
   87.52090    
   252.3637    
   268.7843    
   224.1612    
   3.120000    
   32.78398    
   13.96198    
   47.06138    
   40.55199    
   92.33972    
   59.56770    
   132.2821    
   251.5477    
   3.120000    
   3.120000    
   3.120000    
   3.120000    
   17.13630    
   87.93561    
   50.12090    
   22.71190    
   3.120000    
   3.120000    
   3.120000    
