  4.6840066E-04
  1.4008860E-04
   5.576454    
  1.5264252E-02
  1.2740816E-02
  4.3012146E-03
   1.506766    
   4.629487    
  2.0616520E-03
  0.2610060    
  1.1948988E-02
  1.4042744E-02
   15.18687    
  0.4253812    
  1.0180799E-03
  4.0299115E-03
  0.1923332    
  8.4432490E-02
  1.0307424E-03
  4.7727424E-04
  7.4440124E-03
  8.3531422E-04
  1.7703220E-02
  1.3900919E-04
   8.226807    
  4.2572827E-03
  1.2282970E-02
  0.3697926    
  2.8364066E-04
  2.6190747E-04
   6.535492    
  0.7055261    
  5.2812556E-03
  7.1702843E-06
   8.727585    
  0.7371644    
  5.4084761E-03
  8.4837651E-05
  0.5746130    
   5.002898    
  1.7775979E-03
  2.9630573E-03
  2.4932406E-03
  0.5277606    
  1.0888238E-04
  9.1941917E-04
   5.407407    
  6.5427885E-04
  4.6869289E-05
   3.284917    
  4.0737935E-03
  2.0812179E-03
  0.2091918    
  3.1557004E-04
  4.0790210E-06
  5.2756573E-06
   6.440602    
  0.2217077    
  6.2734708E-03
  1.2874941E-03
  1.9895071E-02
   3.225662    
  8.0197176E-04
  9.3921255E-05
   5.145079    
  0.1285024    
  4.3921922E-03
  2.8995692E-03
  0.4929693    
  0.6840242    
  1.7007130E-04
  4.0051321E-04
  0.2900123    
  1.7911017E-02
  2.1468588E-04
  0.1209899    
  6.0163287E-04
  3.3471917E-03
  0.1228461    
  2.4096141E-02
  2.5309727E-04
  3.1816930E-04
  1.8324094E-05
  1.3178481E-04
  9.9635741E-04
  3.0246270E-03
   1.470593    
  1.1226963E-03
  1.5569602E-02
  9.1048388E-04
   5.269482    
  7.9950280E-02
  2.5081832E-04
  5.4654325E-03
   3.238890    
   1.368889    
  1.9637562E-02
  8.4893656E-04
   2.765593    
   2.357462    
  4.6759087E-04
  1.8297342E-03
  0.1053157    
  4.5543544E-02
  5.7336461E-04
  0.1369035    
  2.6177566E-03
  3.8768287E-04
  4.2743418E-02
  1.7300752E-03
  4.5157431E-04
  4.5866477E-03
  3.1493709E-04
  1.0505399E-03
  2.8735716E-03
  1.7872282E-04
  0.9282011    
  4.7197897E-04
  4.2747302E-04
  2.0995815E-03
   1.983294    
  5.9730802E-02
  3.6759111E-03
  4.0701252E-05
  0.8203044    
   1.966978    
  4.6542659E-03
  3.3096257E-03
   8.910229    
  0.1370865    
  2.0337012E-03
  1.8408656E-04
  6.7024156E-02
  2.5736824E-02
  7.4817700E-04
  0.2014151    
  9.7899292E-06
  4.3166275E-03
  1.7619552E-02
   4.071724    
  5.7163197E-03
  2.0230145E-03
  5.1672407E-03
  0.8200772    
  7.4060084E-03
  8.3128869E-04
  0.5487224    
  1.0637743E-02
  3.5216333E-04
  3.0953002E-03
  6.2601842E-02
  0.1430537    
  1.0757122E-05
  4.0238458E-04
   7.174086    
  1.0525177E-03
  5.8858085E-04
  5.5307511E-04
   10.20691    
  0.2065402    
  1.7438153E-05
  5.3841816E-03
  8.6881814E-04
   2.792389    
  2.5898564E-04
  6.7986287E-02
  2.9353402E-03
  8.4928852E-06
   4.275005    
  0.5563390    
  1.2952230E-02
  3.9615331E-04
   1.550047    
   3.338078    
  3.2268194E-06
  1.2688822E-02
  0.7644448    
   1.695349    
  2.5302284E-06
  2.0980059E-04
  6.7285344E-02
   1.157836    
  2.8257209E-04
  1.2042355E-04
  0.4367501    
  1.1773756E-03
  1.6238700E-03
  6.1191036E-04
   4.802844    
  0.5139625    
  6.5529597E-04
  2.4966302E-03
   1.143433    
   6.415602    
  3.7773137E-03
  2.4575213E-04
   3.618785    
  0.4797256    
  8.1944931E-04
  0.5720474    
  9.8350761E-04
  7.0408231E-04
  0.9730818    
  0.2809536    
  4.4380972E-04
  5.7726738E-05
   3.132878    
  0.2948390    
  9.9913040E-03
  4.1580590E-04
   1.210777    
   7.329747    
  3.6866279E-06
  1.1523349E-02
  0.6120261    
   2.055503    
  3.5723674E-04
  1.1952885E-03
  8.1638638E-03
   2.372689    
  2.2703862E-04
  5.5744098E-05
  0.1410357    
  1.1960443E-02
  8.3250152E-03
  2.0612229E-03
   4.649250    
  0.3865251    
  1.1185678E-02
  2.1244265E-02
   3.380430    
   3.560951    
  5.0024148E-03
  1.8357584E-02
  7.6808637E-06
  2.8220860E-05
  7.4982294E-03
   1.156111    
  6.8447240E-05
  2.0795350E-03
  0.1555243    
  0.5900447    
  1.6902520E-04
  8.8044617E-04
   5.635882    
   1.344105    
  5.5791903E-03
  1.2571841E-05
  0.4565296    
   2.235974    
  3.7136651E-03
  2.6738257E-03
   3.027850    
   1.915173    
  5.2288576E-04
  1.1068945E-04
  1.8714273E-02
  4.8899557E-02
  8.3026920E-05
  5.9853742E-06
  0.7936581    
  2.0725181E-02
  1.2258812E-02
  2.3741613E-03
  3.3835340E-02
  0.8509271    
  2.3951619E-03
  0.1384510    
  2.3177306E-03
  9.6126292E-05
   3.086266    
  0.2005177    
  5.8619251E-05
  3.2200399E-04
  9.9472136E-06
  0.5771711    
  4.0872805E-04
  1.1952817E-02
  7.8776598E-02
   2.901464    
  7.0387317E-04
  2.8764422E-04
  0.6195096    
  1.6278829E-02
  1.5170800E-02
  6.8192044E-04
   8.426464    
  0.1758728    
  9.7995908E-05
  4.5941025E-03
  4.5783240E-02
   4.478526    
  3.6341341E-03
  7.3178732E-08
  3.0815935E-02
  2.2453184E-03
  1.2211243E-02
  2.8845896E-03
  0.5392130    
  4.3448810E-03
  3.1960974E-03
  0.1125992    
  2.2206118E-03
  5.2108243E-04
  1.2517567E-03
   3.582523    
  5.7595479E-03
  2.8651020E-05
  0.3016944    
  9.8367699E-04
  7.0104031E-03
  2.5895380E-03
   6.051268    
  4.4641219E-04
  2.1464020E-02
  8.5152052E-03
   3.446413    
  0.6298692    
  3.0196286E-04
  2.6959986E-03
  5.7661962E-02
   5.264302    
  6.6428366E-03
  8.3678029E-04
   1.454330    
  7.9697289E-04
  5.9920885E-03
  2.4971394E-03
   5.211350    
  5.8863238E-02
  4.6866637E-05
  2.3561399E-03
  2.4653414E-02
  3.2206312E-02
  6.8686774E-08
  7.9019042E-04
  0.1107809    
  0.1412630    
  8.7905151E-04
   3.839636    
  9.2153816E-04
  8.8359015E-03
  0.3130429    
   6.365678    
  1.7924878E-03
  2.3198480E-05
   10.72369    
  0.4044196    
  5.3137856E-06
  3.5400067E-03
  0.1265141    
   11.04942    
  4.0288321E-03
  8.1350356E-03
   4.104867    
  0.4094898    
  3.6553352E-03
  2.0151436E-03
   2.017375    
  0.1752282    
  6.2157270E-03
  3.3684068E-03
   4.926987    
  0.3848036    
  7.4396282E-04
  0.1586402    
  4.6866494E-03
   1.762488    
  1.5236677E-04
  0.4696394    
  2.1722995E-02
   13.01978    
  1.1832472E-02
   5.050620    
  1.8036127E-03
  0.1454774    
  2.4659215E-05
  3.6144554E-06
  0.4910349    
  0.1179467    
  1.7660556E-04
  7.3751766E-04
  0.2125762    
  0.9226370    
  5.2835736E-03
   2.430527    
  3.7266425E-04
  5.0209480E-04
  0.5708343    
  4.7343388E-02
  2.1444843E-03
  1.5174194E-04
  0.2806676    
  0.5196301    
  4.1169630E-04
  1.4871703E-03
  0.3638925    
   1.092787    
  1.0395219E-03
  2.6885718E-06
  1.8882867E-02
  0.1586970    
  1.3895751E-05
   1.260293    
  5.4388674E-05
  6.9301706E-05
  3.0948638E-03
  1.0358795E-02
  2.3781699E-04
  1.5423797E-03
  6.3638903E-02
  1.0437647E-05
  4.0252748E-04
  3.7556561E-05
  4.2135611E-02
  7.2975308E-02
  3.2734945E-03
  9.4117182E-05
   4.190076    
  6.5811902E-02
  1.4144372E-03
  3.2853174E-07
  0.7424830    
  0.2569542    
  1.2976055E-04
  0.1931083    
  5.6792218E-05
  2.0397326E-03
  0.1181030    
  0.2055817    
  1.6178929E-03
  3.2838565E-04
  2.5805358E-02
  0.6638944    
  3.1412195E-04
  9.9731022E-03
  4.4532231E-04
  9.2288569E-02
  2.7192099E-04
  4.7800038E-03
  0.5357472    
   1.261284    
  4.5547704E-03
  1.0826923E-03
   1.647431    
  1.4577807E-03
  6.5764436E-04
  5.6155981E-04
   3.268944    
  6.2677361E-02
  1.1800945E-05
  0.1088086    
  3.1790863E-05
  6.5901427E-06
  0.1874685    
   2.334298    
  3.8048113E-04
  2.9395400E-03
  3.1416261E-04
   1.235236    
  1.7239908E-03
  4.8945514E-03
  0.1227565    
   3.383791    
  1.6911345E-04
  1.6915880E-06
  0.6370845    
   1.514220    
  3.8979616E-04
  3.0409612E-04
  0.1245670    
  6.2708803E-02
  1.1853757E-04
  1.2942152E-05
   2.237107    
  6.2314807E-03
  2.1074142E-03
  2.2340738E-04
   1.507507    
  0.1288838    
  1.2130958E-04
  6.6175133E-02
  3.2819994E-03
  1.2618166E-03
  0.7214903    
  3.7273370E-02
  1.4155498E-05
  9.3810813E-05
  0.5562497    
   3.401289    
  7.3655206E-04
  7.6478929E-05
  0.9203299    
  0.4047697    
  1.0076388E-03
  9.3824643E-04
  3.3103365E-02
   3.483265    
  3.4838613E-05
  2.1686354E-03
  0.2750140    
   2.044919    
  2.1326099E-07
  6.4441258E-05
   1.118841    
  2.8012196E-02
  5.1649320E-03
  5.1971222E-04
   3.400539    
  9.1456570E-02
  3.1365361E-04
   1.316101    
  9.8924560E-04
  8.0853810E-05
   1.411144    
  5.5210992E-05
  2.2115899E-05
  1.9752886E-06
  0.2136491    
  2.8356465E-02
  2.7603543E-05
  6.6249418E-06
  7.3331155E-02
  2.0702830E-02
  2.4981459E-04
  8.7458691E-05
  0.3822793    
   1.403485    
  3.6600765E-03
  7.1415491E-04
   3.193570    
   5.611709    
  9.2190731E-04
  5.8250953E-03
  0.3457043    
   2.303724    
  9.8344940E-04
  8.7138265E-05
  0.9985178    
  0.1691142    
  9.6633809E-04
  3.1920738E-06
  1.4988701E-04
  1.0130302E-05
  0.5170900    
  0.2309366    
  1.5240202E-03
  3.3730495E-04
   1.024330    
  4.7337357E-03
  5.2331990E-07
  3.2419611E-03
  2.2483023E-02
   2.609750    
  2.9514343E-04
  6.7179464E-04
   1.118888    
  0.9141010    
  4.1087650E-04
  4.5733666E-04
   8.616014    
  4.8612137E-03
  1.1880846E-04
  8.0789476E-05
   6.959878    
   4.184886    
  1.3413613E-03
  3.3868648E-04
  0.2689475    
  0.2416940    
  8.2097555E-05
  1.1466246E-03
  0.3478763    
   1.683218    
  8.5518614E-04
  5.5480517E-02
  8.6448654E-06
  3.5610003E-04
  2.8807968E-02
   1.243237    
  1.3151781E-03
  7.0787937E-05
  0.2857736    
  5.5373547E-04
  9.1783621E-04
  2.3354059E-04
  0.2595315    
  0.1526283    
  1.5992558E-04
  9.8687187E-06
  2.9381795E-02
  4.0752023E-02
  1.0671475E-03
  1.0335138E-03
  0.9203103    
   2.859566    
  4.1270207E-04
  1.2429564E-04
  1.0167697E-02
  0.2444213    
  2.4463097E-04
  5.4045988E-04
  8.2462981E-02
  0.3905455    
  1.8711641E-04
  7.1378914E-04
  0.2228176    
  7.1591549E-03
  7.6388806E-04
  0.9021986    
  5.6502889E-05
  2.6104937E-03
  0.9385886    
   5.048292    
  8.6417812E-04
  2.4919662E-05
  0.8131047    
  0.2592382    
  3.2961232E-04
  3.6469998E-04
  0.4875497    
  0.8252060    
  2.6767215E-04
  1.8520802E-03
   2.963511    
   1.707058    
  1.1299437E-04
  3.3291929E-07
  5.6314640E-02
   1.030475    
  1.0506718E-03
  2.2614342E-06
   1.488793    
  0.7435759    
  1.4814893E-04
  1.0840287E-03
  0.9934346    
   1.549485    
  2.1318169E-04
  8.6468784E-04
   2.269508    
   3.401224    
  1.3520828E-03
  0.1616577    
  1.4887399E-03
  5.4441659E-07
  0.5911737    
   1.027622    
  1.8924298E-03
  2.2163931E-03
   1.692542    
  1.8409917E-02
  3.3448334E-05
  7.9090183E-04
  9.0066962E-02
  0.1680558    
  3.4597334E-03
  1.0861448E-04
   4.051791    
  0.1597358    
  1.3355723E-04
  1.5069214E-03
  7.1389177E-03
  0.9821175    
  4.0748883E-03
  7.1130207E-06
   2.568442    
  2.8759094E-02
  2.4619687E-04
  2.3156803E-03
  0.1578110    
   1.103894    
  4.8249841E-04
  3.3264179E-04
  0.5473318    
  0.3318668    
  4.1677929E-03
   1.270649    
  8.1440658E-06
  7.2625361E-04
  8.7591290E-02
   1.198370    
  8.5234220E-05
  6.3631183E-04
  0.1447966    
   2.978878    
  6.0252869E-04
  2.1655194E-03
   2.481382    
   4.907593    
  1.0733061E-03
  2.8077245E-04
  9.6340731E-02
   4.427109    
  9.1749302E-05
  5.5394875E-04
   2.020825    
  0.6865522    
  6.0493196E-04
  4.0532704E-04
  0.5430825    
  9.9225959E-04
  1.7020629E-04
  2.1416505E-03
  0.1462199    
   1.820731    
  2.0142375E-04
  3.7417698E-03
  5.9800348E-03
   1.778225    
  5.9312367E-04
  1.7639394E-04
   1.666605    
  0.3306746    
  2.4325151E-03
  0.8596999    
  1.4587039E-04
  4.7863126E-04
  1.1847218E-02
  0.4597557    
  2.9512420E-03
  2.1581047E-03
   2.844213    
   2.657661    
  5.6716442E-05
  3.5841803E-03
  0.9314126    
   2.066412    
  2.8352896E-03
  4.9181317E-04
  0.3152515    
  0.6385149    
  1.7485227E-03
  1.6192658E-03
  0.3374485    
  0.4807805    
  7.8055146E-04
  4.3318421E-04
  0.1343541    
  0.4984394    
  1.1354397E-03
  0.4639345    
  3.1646662E-03
  0.7112151    
  4.5884303E-03
   2.231282    
  5.5523142E-03
   1.616651    
  8.4080217E-05
  0.8667276    
  5.0123670E-04
  0.3522686    
  1.5775790E-05
  1.1592637E-05
  1.4622638E-05
  6.2151108E-02
  1.5086653E-04
  1.3027649E-04
  0.2780767    
  1.9893392E-03
  1.8616338E-03
  2.3172840E-02
  1.2850975E-02
  4.7039557E-03
  0.5901328    
  0.1327180    
  8.2248496E-04
  1.3617244E-02
  3.1615229E-05
   2.305097    
  1.1765293E-04
  4.1916789E-03
  4.3481927E-02
  0.9535447    
  1.7874084E-03
  1.7712882E-03
  0.1761524    
  4.7287162E-02
  8.5187890E-04
  0.1519906    
  1.1807667E-03
  1.0085258E-03
  0.3061153    
  0.6545294    
  5.1719388E-03
  9.7717020E-05
  0.1488023    
  0.2946922    
  5.4152880E-04
  1.5938877E-04
  0.2874415    
  0.3674106    
  9.2127472E-03
  1.6175207E-03
  0.3030683    
  0.7987012    
  8.4076141E-04
  5.5054948E-03
  3.5197731E-02
  0.5535268    
  2.4937352E-04
  0.1684027    
  1.3685513E-03
  2.5131912E-03
  0.5416290    
  1.7282227E-02
  5.3001324E-05
  1.5292378E-04
  0.6377757    
  0.3638592    
  8.9163287E-03
  2.0305515E-04
  0.1039810    
  0.1018449    
  1.8685865E-05
  4.9437061E-03
  0.9287353    
  1.3075825E-02
  3.8443038E-03
  4.2372591E-05
  0.4903126    
  0.1810142    
  8.6504041E-04
  3.4882294E-04
  0.2716866    
  6.2394782E-04
  1.8130428E-04
  0.4214337    
  5.9531601E-07
  8.3800163E-03
  6.9806382E-02
   4.099222    
  2.9124305E-05
  2.9722592E-04
  1.5309136E-02
  0.9846781    
  9.7319709E-05
  2.8039305E-04
  1.3848254E-02
  8.3251670E-02
  4.6409867E-03
  1.9459226E-04
   1.625159    
  8.8734441E-02
  1.3554344E-03
  8.3750803E-03
   1.211545    
  2.6941456E-02
  1.1987829E-03
  2.9841809E-09
  1.0601805E-02
   2.208831    
  1.5008380E-03
  0.1286896    
  1.7060265E-03
  1.2688176E-03
  0.3313182    
  0.1488401    
  5.6360690E-03
  3.0812068E-04
  0.5900311    
  5.1418658E-02
  1.5509322E-03
  5.8684178E-04
  0.3364530    
  2.2535038E-03
  1.6028533E-04
  1.1659297E-03
  1.6136121E-02
  0.3566159    
  8.9133384E-05
  1.9969301E-04
  0.6606368    
  0.5608276    
  2.9979863E-03
  9.9791896E-07
  0.3021150    
   4.007925    
  5.3903088E-03
  6.8728477E-03
   3.034500    
   3.420681    
  4.0807307E-04
   2.060110    
  1.4089116E-04
  8.9573284E-04
  0.1735235    
  6.4560875E-02
  1.1085951E-03
  1.9958597E-03
  0.2439441    
  0.7818726    
  8.6794945E-04
  1.9098667E-03
  9.2073367E-04
  0.8444797    
  5.4082066E-05
  4.7124684E-04
   1.486032    
  1.5262380E-03
  6.0374802E-04
  1.2834189E-03
  0.1938644    
  0.7550384    
  7.3711225E-04
  4.4220613E-04
  0.4929749    
  0.3965367    
  8.8118360E-04
  1.7358641E-04
   2.380340    
  4.5906212E-02
  2.2297713E-03
   5.281558    
  1.7980831E-03
  3.5056833E-03
   3.828702    
  0.1384757    
  3.9355652E-03
  3.1040171E-03
  0.5209413    
   3.775555    
  1.1743366E-03
  4.5360285E-03
  0.2108526    
   2.052819    
  2.6475945E-03
  1.9862812E-03
  0.9768685    
   1.179811    
  4.5732275E-05
  9.6084988E-03
  9.6741349E-02
   1.545216    
  6.6300011E-03
  4.0238487E-04
  0.4617450    
  8.0681294E-03
  3.7234847E-04
  1.2633892E-05
  2.0120610E-02
  1.9457606E-03
  1.9013934E-05
  3.6594868E-03
  0.2927584    
  8.6713396E-02
  3.6039280E-03
  0.8870500    
  2.1067103E-03
  3.7000186E-04
  0.1488040    
  1.2433390E-02
  2.6109794E-03
  2.3045161E-04
   1.518009    
  0.2644161    
  6.0293926E-03
  5.4402940E-04
   4.242655    
   1.085356    
  4.0018044E-06
  7.1014375E-03
  0.6913760    
   9.153576    
  5.0695613E-03
  6.4790592E-04
   2.144108    
  1.5060909E-02
  9.5902719E-03
  3.0928766E-03
  0.5259590    
   1.648588    
  1.4169910E-03
  2.6988403E-03
  0.2308121    
  7.0128739E-02
  2.3246519E-05
  4.0563904E-05
  0.4833495    
  0.5429575    
  4.6590594E-05
  0.5158134    
  2.4953736E-03
  1.4432789E-03
  2.8757160E-04
  6.5560348E-02
  1.8450408E-03
  6.7012996E-05
  0.4962991    
  3.7999250E-02
  2.7900946E-04
  1.8990771E-03
  5.7892562E-03
  0.4065475    
  3.6986445E-03
  2.1558909E-03
   4.290177    
  0.3729123    
  9.7353375E-05
  1.6912872E-02
  3.3155435E-03
   6.258697    
  1.0321179E-02
  3.9768633E-03
   3.042881    
  0.5171226    
  4.2751370E-04
  4.1155433E-03
  7.0403832E-05
  0.2249416    
  7.0111244E-05
  6.5269009E-03
  0.5773335    
  0.3502508    
  5.5699339E-03
   4.561072    
  1.4266159E-05
  5.0207698E-03
  6.0952068E-03
   1.906243    
  5.7179059E-05
  5.5453391E-04
  1.6399367E-02
  2.8587762E-02
  1.9183374E-04
  1.7229308E-04
  1.0615674E-02
  1.0667305E-02
  5.1990582E-04
  7.6242012E-04
  3.2472398E-02
  4.4743843E-02
  5.9065223E-03
  1.4889247E-03
   2.975783    
  0.1318038    
  6.5647025E-04
  8.7480396E-03
  0.3035937    
   2.881270    
  1.6318914E-05
  1.3511477E-05
  1.1913477E-02
  0.2145114    
  4.9106402E-06
  1.9004436E-03
  0.6146899    
  6.3834055E-03
  1.8950168E-03
   1.663223    
  8.4756123E-04
  0.1603377    
  4.0386624E-07
  2.2016831E-04
  2.7169634E-05
  8.4707577E-04
  1.1408232E-03
  3.8775976E-04
  8.2257448E-04
  1.8643700E-06
  4.8002772E-04
  2.5295836E-04
  0.1526175    
  2.4040672E-04
  1.3334898E-02
  4.1693685E-04
   2.590784    
  0.1571623    
  1.9323012E-03
  7.5135551E-02
  1.2365907E-03
  1.0858186E-03
  3.3131523E-06
  1.3948530E-04
  6.9822255E-04
  9.4692536E-05
  1.4706620E-03
  1.3230507E-03
  3.5260249E-02
   5.890290    
  5.6068497E-03
  5.9471597E-05
  0.5899091    
   3.008730    
  1.8534441E-03
   1.345100    
  7.6102017E-04
  3.8979764E-04
  0.7676746    
  0.4723223    
  9.6430340E-05
  7.6599652E-04
  1.8116336E-03
  1.5871814E-02
  9.3842427E-05
  3.8880249E-03
  0.7747517    
  3.5905361E-02
  1.5633357E-03
  1.7420871E-03
  3.7353773E-02
  0.7808961    
  9.7968394E-04
  7.0655882E-02
  3.6934491E-03
  8.1877608E-04
  0.6237533    
   1.326708    
  1.2616663E-03
  2.9066931E-03
   2.066246    
  0.8216515    
  6.1789487E-04
  7.7988801E-04
  0.1281879    
  3.1916234E-03
  1.1943172E-04
  7.7291502E-04
  3.4597382E-02
  3.8563110E-02
  2.4977457E-03
  4.5500827E-04
  0.9143640    
  4.2594175E-04
  2.4548108E-03
  2.7745543E-02
  1.5705739E-03
  5.3687999E-04
   2.949471    
  0.4135450    
  1.2584231E-03
  1.1204835E-04
   1.071553    
   1.408414    
  3.7831387E-03
  4.9723621E-05
   5.232199    
   1.006958    
  6.2413112E-04
  1.4034480E-04
  4.7590673E-02
  0.2018165    
  1.9874253E-05
  5.8281154E-04
  1.0541195E-04
  0.3081389    
  4.3678991E-04
  1.7833385E-03
  0.5913853    
   1.051840    
  5.9516975E-03
  2.8440789E-03
  7.3143665E-04
  1.5010100E-05
  1.2642404E-02
  0.1930722    
  3.1817541E-04
  2.5868376E-03
   10.40319    
   10.84898    
  6.4650355E-03
  8.4935231E-03
  0.6967030    
  0.2627055    
  1.3896035E-03
  1.6366431E-03
  1.2609024E-02
  2.2372751E-02
  5.0167670E-03
  1.7540164E-02
  0.2311270    
   3.926322    
  1.9650806E-04
  2.2477361E-03
  9.6041903E-02
  0.9350866    
  4.3239060E-04
   2.896661    
  6.4905931E-04
  1.0869146E-03
  0.3053843    
   2.609782    
  6.6880235E-03
  4.3125526E-04
   13.10976    
   5.917703    
  3.4971638E-03
  2.2082499E-03
  0.1972839    
  0.7188686    
  2.7259171E-03
  2.4741021E-04
  2.9778333E-02
  0.2178201    
  2.9927962E-03
  2.4518897E-05
   2.957126    
   2.649648    
  2.0163582E-04
  2.0351938E-03
  0.2848780    
  1.4892230E-02
  1.5871356E-04
  1.0624775E-04
  0.1806699    
  5.4756983E-04
  6.3442553E-06
  0.1835710    
  1.4196575E-03
  3.8467962E-04
   1.876261    
  0.4514074    
  1.1665224E-02
  1.2034663E-02
   4.145169    
   1.558391    
  1.2848456E-05
  5.1961438E-04
  0.7576073    
  7.1428404E-03
  9.9410187E-04
  1.7064580E-05
  0.9771286    
  0.8985503    
  1.0977011E-02
  6.9924194E-04
  4.5748688E-02
  7.4721896E-03
  4.8470320E-03
  7.8721456E-03
  0.3998958    
  0.5749764    
  5.2111002E-08
  3.7311084E-04
  7.1819825E-04
  7.9805693E-03
  1.6416209E-03
  0.8382028    
  7.6654222E-04
  6.9100619E-04
  0.5077794    
  8.6961754E-02
  8.3974358E-03
  4.9477792E-04
   3.787904    
  0.2902936    
  5.9985783E-04
  6.2650919E-04
  0.7606084    
  5.0209600E-02
  2.2739577E-04
  1.9746502E-03
  4.9037248E-05
  1.4109215E-02
  2.8989217E-03
  1.0015173E-03
   4.091958    
  1.8965406E-02
  1.0809889E-04
  3.1833039E-04
  0.3979395    
  0.3520312    
  1.4761393E-03
  2.0036235E-04
  1.3369877E-03
  0.3486935    
  3.5527225E-03
  1.6793997E-03
  0.7276073    
  0.5923784    
  8.0001995E-04
   2.091116    
  5.5899646E-04
  2.5418447E-03
  1.4664112E-02
  0.4956226    
  8.9159077E-03
  5.9323432E-04
   2.661921    
  0.2728402    
  2.5858502E-05
  2.5714580E-05
  0.5880371    
  0.8233154    
  3.7215059E-03
  5.8918254E-04
  1.4232544E-04
  0.2790111    
  1.6029368E-03
  2.2866621E-04
   7.583942    
  0.8926727    
  1.7972358E-03
  1.1838287E-03
  0.4015045    
  0.4265769    
  1.3444445E-04
  1.0740284E-04
   1.751915    
  0.9029580    
  2.2004414E-03
  2.0904862E-03
   2.339085    
   1.200375    
  1.8149856E-04
  0.3817632    
  2.4704295E-03
  7.1594451E-04
  9.1663077E-02
  0.5987750    
  1.2929858E-02
  1.4372553E-04
   9.371238    
  0.2337214    
  5.8987067E-04
  5.5424455E-03
  0.1502986    
   1.586910    
  4.6696406E-04
  7.5312104E-04
   2.134810    
  0.7406967    
  4.3062872E-04
  8.9279492E-04
   1.336229    
  0.1136831    
  3.3674238E-04
  5.0641736E-04
  0.8663076    
   1.824140    
  5.6469365E-04
  5.5391929E-06
   2.157887    
   2.569147    
  2.1489116E-04
  3.0510311E-04
  3.3885114E-02
  0.1228283    
  6.0254890E-05
  2.1293962E-02
  1.2204426E-03
  9.5109228E-04
  0.3517882    
  0.4291309    
  7.4383680E-04
  2.8669259E-03
   5.221081    
  1.1941542E-02
  5.1607558E-04
  3.3073473E-05
  0.6190112    
  0.3491738    
  5.7820888E-04
  2.0287851E-05
  6.9322743E-02
  0.4627498    
  1.0005706E-03
  1.6228949E-03
  2.0310743E-02
  1.4788164E-03
  4.2337484E-05
  8.9016196E-04
   1.399500    
  0.5414882    
  7.4816140E-05
  1.2735311E-03
  4.6910144E-02
  0.2712134    
  1.5911140E-03
  2.3938187E-03
  0.4630426    
   1.892787    
  1.4959581E-04
   1.297141    
  7.4940198E-03
   3.252023    
  1.5530491E-04
  2.1116294E-03
  0.4864012    
  0.6701577    
  4.3028864E-04
  1.7389898E-03
  0.2074078    
   1.254953    
  4.4868598E-04
  3.0696189E-03
  0.3079002    
   2.765901    
  4.2999559E-07
  5.0080484E-03
  5.4221884E-03
  0.9687772    
  5.7704686E-03
  0.4075757    
  5.6537660E-03
  0.1566651    
  4.9568021E-05
  7.6443898E-03
  3.3858250E-05
   1.522071    
  4.8904433E-03
  1.4784761E-03
   3.425874    
  2.5030676E-02
  9.2593065E-05
  9.6385152E-04
   3.774742    
   1.013393    
  2.5747868E-03
   2.330553    
  1.0663054E-04
  3.2822248E-03
   6.800247    
   1.022337    
  1.5336717E-02
  8.7144040E-04
  0.7477105    
   10.16702    
  1.8904218E-07
  5.5721396E-04
   1.004902    
   1.735454    
  8.3559426E-03
  1.7299733E-04
   2.024726    
  0.8192432    
  4.1876337E-03
   1.447976    
  8.6987066E-06
  9.7360287E-05
  5.3574126E-02
  9.0811041E-04
  3.0430456E-04
  4.3771801E-05
  0.1851224    
  6.2810920E-02
  1.6836694E-02
  3.9410891E-04
   7.485218    
  0.1134941    
  1.0035522E-04
  1.8536964E-02
  0.3483387    
   3.372514    
  1.8349607E-04
  9.6014718E-04
  0.4699250    
  0.2387867    
  3.3856544E-04
   7.681127    
  8.4965525E-04
  1.2829929E-03
  2.0232706E-04
  0.1063519    
  9.1052165E-08
  2.7028061E-04
  1.2044710E-04
  6.2482413E-03
  8.1430320E-05
  8.5195020E-04
  0.1183297    
  1.1894159E-02
  1.8111612E-04
  1.4705936E-04
   1.528588    
  0.1432928    
  1.3266900E-02
  3.1905502E-04
  0.5739276    
   2.652027    
  9.2155682E-07
  7.6002930E-03
   2.551417    
   1.468394    
  7.7338274E-07
  0.2866041    
  6.6272542E-03
  4.9112539E-04
  0.1758851    
  0.1970408    
  1.7029524E-04
  1.3864624E-03
  3.9633296E-02
   1.085136    
  6.4601525E-05
  7.4424702E-03
  2.0623794E-02
   1.229175    
  5.9639031E-05
  4.1556635E-04
  1.8504559E-04
  5.3164680E-02
  2.1035504E-03
  3.8697786E-04
   1.379007    
  3.0070681E-02
  7.5862543E-03
  1.9251616E-03
  2.2443620E-02
   1.547309    
  1.3774807E-02
   1.800722    
  5.8873993E-04
  7.4913760E-04
  0.1659130    
  0.1762889    
  4.4002086E-03
  1.3404151E-02
  3.1833384E-02
  0.5750526    
  1.2949058E-03
  5.8057848E-03
  7.0790082E-02
  0.6894503    
  3.3462523E-03
  1.2250806E-02
   1.043906    
  1.1943693E-02
  4.9125239E-05
  8.7742191E-03
  5.0082519E-03
  0.1650161    
  3.1272168E-04
  3.7094094E-03
  5.9052274E-02
  1.0733354E-02
  1.8522251E-04
  5.5592027E-03
  2.6843436E-03
  2.2424106E-02
  1.3784210E-03
  7.7869631E-02
  4.1141910E-03
  3.8184705E-03
  4.7429968E-03
  1.4530538E-04
  1.5784889E-02
  5.7749727E-05
  1.1323054E-02
  2.5018023E-03
  4.9663670E-03
  1.4804726E-02
  0.9743831    
  2.0253750E-02
  5.6039235E-03
  7.3690750E-03
  0.2562465    
  0.3603703    
  6.6341995E-04
  6.7276153E-04
  0.1394192    
   1.238047    
  1.6231206E-05
  5.2050431E-03
  3.8754616E-02
   2.613039    
  5.6755060E-04
  5.9296549E-03
  3.2802623E-02
  0.4798943    
  3.5943449E-03
  8.3582215E-02
  5.3148833E-03
  2.6382778E-03
  2.1588178E-02
  0.3023981    
  9.8952929E-05
  2.9981707E-03
  4.6205208E-05
  4.3355428E-02
  1.3369339E-04
  2.8180236E-03
  1.9914677E-04
  5.0130259E-02
  1.1300500E-02
  1.8986135E-05
  0.2799633    
  8.5987030E-03
  1.3632049E-03
  2.2684166E-03
   1.456309    
  0.2282986    
  4.1825962E-04
  9.8728901E-03
  1.7010802E-02
   2.200058    
  6.8802569E-07
  2.2945590E-03
   1.255761    
  0.7038839    
  1.6707428E-03
  1.3397613E-03
  4.9516499E-02
   1.073942    
  1.8716309E-08
  7.1901947E-02
  1.1033344E-03
  2.9571947E-02
  0.2387465    
   8.811307    
  1.3497799E-04
  1.5071450E-02
  5.0516723E-04
   6.891241    
  2.1049543E-03
  5.3904727E-03
  9.1515325E-02
   5.362290    
  3.9731874E-03
  2.2602713E-04
  2.0747110E-02
  7.7821404E-02
  2.1942249E-04
  3.1526021E-03
  4.0530983E-02
  3.7018179E-03
  5.1713730E-03
  4.7599769E-04
  0.6001705    
  3.5700854E-03
  1.4709514E-04
  5.5423989E-03
  0.5695454    
  0.7109765    
  1.7099563E-05
  5.7585645E-03
  0.9814655    
   2.625177    
  1.6843430E-03
  0.1563937    
  2.5544511E-04
  4.4189816E-05
  0.6920314    
   4.101038    
  3.7166087E-03
  3.1482181E-04
  8.2357146E-02
  1.0846903E-02
  1.8045574E-02
  2.3161459E-03
   5.471913    
  0.6674006    
  4.8045942E-04
  7.3733265E-03
  5.4884301E-03
   1.320301    
  3.8094254E-04
  3.0580517E-03
  6.5174052E-03
  0.1226739    
  3.7180868E-04
  4.2509113E-04
  7.6345241E-05
  4.0257834E-02
  1.1428382E-04
  2.9648855E-04
  5.0010858E-04
  8.4755151E-04
  9.4306091E-04
  1.4493264E-06
   1.050660    
  4.9357943E-02
  2.6948629E-03
   1.570244    
  7.0696326E-05
  2.1020349E-02
   1.683158    
  1.6904026E-03
  9.3518896E-04
  1.3197741E-02
  0.1813211    
   1.550882    
  9.3300333E-03
  4.6060054E-04
   4.028508    
   4.240027    
  7.4805830E-05
  5.7640839E-03
  0.7619178    
  0.2637309    
  3.1809197E-03
  3.0464588E-03
  0.2210519    
   1.379748    
  3.2625713E-03
  4.9245544E-03
  2.6501555E-02
  0.1036989    
  5.9789414E-05
  1.0137000E-03
  4.6404373E-02
  0.1092944    
  3.9995572E-04
  5.2918104E-04
  3.4931149E-05
  4.1704621E-02
  1.4830702E-03
  8.6743403E-03
  3.9487346E-03
  0.1505212    
  6.2579625E-07
  2.1183205E-05
  0.3198646    
  0.3225034    
  8.6294150E-04
  5.2577849E-03
  4.4859093E-02
   1.186313    
  1.7155508E-03
  1.4801782E-03
   1.749707    
   1.276017    
  2.0155525E-03
  4.0244022E-03
  2.9366562E-02
  2.4309698E-02
  1.2151934E-06
  0.1168251    
  4.5046904E-03
  1.9606929E-03
  2.1730837E-05
  6.3619234E-02
  4.4068755E-03
  0.1218510    
