  0.0000000E+00
  0.0000000E+00
  0.0000000E+00
  0.0000000E+00
  0.0000000E+00
  0.0000000E+00
  0.0000000E+00
   302.7152    
   7.382179    
   2.729160    
  0.0000000E+00
  0.0000000E+00
  0.0000000E+00
  0.0000000E+00
  0.0000000E+00
  0.5886703    
   48.92752    
   324.1625    
   34.29599    
   2.854959    
  0.0000000E+00
  0.0000000E+00
  0.0000000E+00
  0.0000000E+00
   10.68651    
   2.140640    
   5.296600    
   71.59439    
   197.9231    
   6.942669    
  0.0000000E+00
  0.0000000E+00
  0.0000000E+00
   327.4442    
   79.64496    
   2.528740    
   5.856640    
   41.81421    
   154.5912    
   49.46078    
  0.0000000E+00
  0.0000000E+00
   44.75250    
   283.0839    
   129.6096    
   25.20370    
   3.242549    
   8.315804    
   29.29138    
   169.1976    
  0.0000000E+00
  0.0000000E+00
   116.9724    
   226.5565    
   225.9297    
   44.84579    
   3.663765    
  0.1596699    
   2.272461    
   37.60553    
  0.0000000E+00
  0.0000000E+00
   9.820435    
   43.09271    
   248.4148    
   51.45270    
   4.058807    
   5.242380    
   78.86911    
   54.59457    
  0.0000000E+00
   1.766973    
   2.166595    
   58.22871    
   149.0239    
   63.79132    
   52.09738    
   4.238571    
   8.287910    
   231.1470    
  0.0000000E+00
  0.9364471    
  0.4549198    
   3.567093    
  0.5947113    
   101.9043    
   122.3108    
   59.95059    
   4.332569    
   1.400818    
  0.0000000E+00
  0.2324419    
   1.135703    
  0.1539130    
   5.064861    
   1.240891    
   216.5918    
   302.0914    
   1.736389    
   49.29750    
  0.0000000E+00
  5.2906990E-02
  0.5957394    
   1.991220    
  5.1679611E-02
   2.656019    
   59.22443    
   280.3630    
   3.373596    
   64.20999    
  0.3197250    
  0.7460899    
  9.0213776E-02
   13.20332    
   2.075419    
  3.7212372E-03
   12.33958    
   219.8304    
   59.24921    
   83.04379    
   3.938198    
  0.3400970    
  0.6391916    
   19.75951    
   34.12541    
   2.971100    
   1.579247    
   286.5178    
   85.09998    
  0.0000000E+00
  0.0000000E+00
   6.088230    
  0.6992407    
  0.5749178    
   45.42981    
  0.7862206    
   5.319649    
  0.0000000E+00
  0.0000000E+00
  0.0000000E+00
  0.0000000E+00
  0.0000000E+00
  0.0000000E+00
  0.0000000E+00
  0.0000000E+00
  0.0000000E+00
  0.0000000E+00
   3.819040    
   7.739868    
   3.999901    
  0.0000000E+00
  0.0000000E+00
  0.0000000E+00
  0.0000000E+00
  0.0000000E+00
  0.1193008    
   10.79893    
   3.892200    
   3.171329    
   2.331402    
  0.0000000E+00
  0.0000000E+00
  0.0000000E+00
  0.0000000E+00
   24.79709    
   32.23970    
   14.50270    
   15.21318    
  0.4871597    
   1.029614    
  0.0000000E+00
  0.0000000E+00
  0.0000000E+00
   2.888596    
   23.86189    
   4.039307    
   24.73080    
   11.50729    
   1.377350    
  0.1680400    
  0.0000000E+00
  0.0000000E+00
   1.196831    
   11.99830    
   2.549484    
   21.40800    
   3.315590    
   8.431335    
   1.733171    
  0.3705690    
  0.0000000E+00
  0.0000000E+00
  6.3079834E-02
   2.012560    
  0.4454403    
   4.610180    
  0.6974907    
  0.4113922    
  0.1638298    
  0.4174752    
  0.0000000E+00
  0.0000000E+00
   1.619010    
  0.4614799    
  0.7769132    
  0.4245691    
  0.7570982    
   9.860931    
   6.463200    
  0.4969597    
  0.0000000E+00
   1.311172    
  0.7221699    
  0.3956790    
  0.9138222    
   1.541170    
  6.0976148E-02
  0.2686396    
  0.9871483    
  0.9027300    
  0.0000000E+00
   1.992030    
  0.6596403    
   1.866741    
  0.3957796    
   2.202040    
  0.5832291    
  0.7307005    
  0.5154791    
  2.9402733E-02
  0.0000000E+00
  0.1891479    
   2.563780    
   6.308830    
   2.585791    
  0.7961562    
  0.3743131    
   1.133821    
  0.5832510    
   5.136461    
  0.0000000E+00
   3.615891    
   2.453640    
   14.28207    
  0.4043350    
   2.047140    
  0.6689234    
  0.8232384    
  1.3122559E-03
   2.309669    
   2.503708    
   4.109781    
   1.457981    
   15.74760    
   21.46972    
  0.1104202    
   1.173679    
   1.682479    
   1.223810    
  0.3613830    
   1.704500    
  0.9576681    
  6.9603920E-02
  0.4184418    
   4.608322    
   2.231750    
   1.776550    
   7.190052    
   6.759089    
  0.0000000E+00
  0.0000000E+00
  0.7535539    
  0.9048309    
  0.3430252    
   1.220030    
   3.252960    
   15.63415    
  0.0000000E+00
  0.0000000E+00
  0.0000000E+00
  0.0000000E+00
  0.0000000E+00
  0.0000000E+00
  0.0000000E+00
  0.0000000E+00
  0.0000000E+00
  0.0000000E+00
  0.0000000E+00
  0.0000000E+00
  0.0000000E+00
  0.0000000E+00
  0.0000000E+00
  0.0000000E+00
  0.0000000E+00
  0.0000000E+00
  0.0000000E+00
  0.0000000E+00
   309.9880    
   133.4863    
   51.33051    
  0.0000000E+00
  0.0000000E+00
  0.0000000E+00
  0.0000000E+00
  0.0000000E+00
   9.337891    
   248.3789    
   59.38385    
   194.1655    
   18.67609    
  0.0000000E+00
  0.0000000E+00
  0.0000000E+00
  0.0000000E+00
   75.91223    
   19.00320    
   15.60890    
   30.11392    
   2.257141    
   136.1794    
  0.0000000E+00
  0.0000000E+00
  0.0000000E+00
   84.49561    
   6.092697    
   59.33218    
   37.32892    
   20.37330    
   15.44839    
   55.20218    
  0.0000000E+00
  0.0000000E+00
  0.0000000E+00
   31.94708    
   1.388306    
   62.57489    
   32.25200    
  0.4305725    
   1.446213    
   23.00871    
  0.0000000E+00
  0.0000000E+00
   7.453091    
   9.067818    
   16.94399    
   4.731796    
   37.65550    
  2.1400452E-02
   1.447937    
   40.20091    
  0.0000000E+00
  0.0000000E+00
   5.936451    
   3.027695    
   14.15790    
   7.865189    
   58.66959    
   32.05310    
   81.68652    
   9.904823    
  0.0000000E+00
   42.00281    
   2.971867    
   3.943081    
  0.2508926    
   16.38960    
   15.10719    
   30.87152    
   16.79620    
   92.30414    
  0.0000000E+00
   314.4067    
   63.62244    
   22.85329    
  0.6544294    
   1.432800    
   13.15810    
   77.03220    
   101.4065    
   22.92538    
  0.0000000E+00
   228.3470    
   187.2945    
   32.94519    
   1.884583    
  0.7621498    
   3.876228    
   38.28351    
   1.107697    
   67.40271    
  0.0000000E+00
   48.47626    
   316.4030    
   224.8891    
   53.27393    
   1.967957    
   4.294586    
   27.28020    
   5.294510    
   4.949051    
  0.0000000E+00
   23.30900    
   36.30032    
   374.1321    
   237.7844    
   293.7932    
   64.12943    
   1.470306    
   6.238403    
  0.0000000E+00
  0.0000000E+00
  0.0000000E+00
  0.0000000E+00
   334.1759    
   312.7584    
   402.8548    
   180.9478    
  0.0000000E+00
  0.0000000E+00
  0.0000000E+00
  0.0000000E+00
  0.0000000E+00
  0.0000000E+00
  0.0000000E+00
  0.0000000E+00
  0.0000000E+00
  0.0000000E+00
  0.0000000E+00
  0.0000000E+00
  0.0000000E+00
  0.0000000E+00
  0.0000000E+00
  0.0000000E+00
  0.0000000E+00
  0.0000000E+00
  0.0000000E+00
  0.0000000E+00
   5.453159    
   3.021240    
   2.943069    
  0.0000000E+00
  0.0000000E+00
  0.0000000E+00
  0.0000000E+00
  0.0000000E+00
  7.0907593E-02
   22.70319    
   4.491608    
   22.92090    
   29.24620    
  0.0000000E+00
  0.0000000E+00
  0.0000000E+00
  0.0000000E+00
   2.446411    
   8.842918    
   53.89032    
   12.39429    
   39.04846    
   14.25810    
  0.0000000E+00
  0.0000000E+00
  0.0000000E+00
  7.5351000E-02
   2.116251    
   4.526670    
   56.80768    
   97.25583    
   40.40741    
   4.784592    
  0.0000000E+00
  0.0000000E+00
  0.0000000E+00
  0.2342033    
  0.1628132    
  0.6935501    
   10.17650    
   1.843903    
  0.3607025    
   31.29230    
  0.0000000E+00
  0.0000000E+00
  6.5984011E-02
  0.4766200    
   16.59380    
   30.66861    
   9.193298    
   4.402750    
   1.630192    
  0.2592506    
  0.0000000E+00
  0.0000000E+00
  0.3188047    
  0.5244293    
   21.53540    
   2.743004    
   7.515741    
   1.710260    
   4.880768    
   8.651581    
  0.0000000E+00
   4.406061    
   1.123930    
   8.281998    
  0.7763977    
   38.04770    
   5.376690    
   11.69032    
   9.007271    
   27.23770    
  0.0000000E+00
  0.1218700    
   4.516979    
   12.34869    
   15.46310    
   23.92839    
   1.554390    
   6.831051    
   13.94110    
   14.71799    
  0.0000000E+00
   2.370420    
   2.623630    
   2.623810    
   3.564392    
   23.67810    
   4.158360    
   9.140877    
   1.762024    
   27.28601    
  0.0000000E+00
  0.8513603    
   1.441897    
   4.902565    
   18.96199    
  0.2102051    
   1.716202    
   57.77670    
   41.13571    
   59.28709    
  0.0000000E+00
  0.4434159    
  0.5234289    
   3.718670    
   5.145218    
   7.929108    
   53.28719    
   61.41861    
   3.835495    
  0.0000000E+00
  0.0000000E+00
  0.0000000E+00
  0.0000000E+00
   2.681610    
   3.148630    
  0.8601513    
   20.61620    
  0.0000000E+00
  0.0000000E+00
  0.0000000E+00
  0.0000000E+00
  0.0000000E+00
  0.0000000E+00
  0.0000000E+00
  0.0000000E+00
  0.0000000E+00
  0.0000000E+00
  0.0000000E+00
  0.0000000E+00
  0.0000000E+00
  0.0000000E+00
  0.0000000E+00
  0.0000000E+00
  0.0000000E+00
  0.0000000E+00
  0.0000000E+00
  0.0000000E+00
  0.8032322    
  0.5886612    
   21.04141    
  0.0000000E+00
  0.0000000E+00
  0.0000000E+00
  0.0000000E+00
  0.0000000E+00
   30.32280    
   1.727720    
  0.7976956    
   2.320820    
   10.76363    
  0.0000000E+00
  0.0000000E+00
  0.0000000E+00
  0.0000000E+00
   272.3715    
   32.75171    
   41.24640    
  0.3038387    
   3.713882    
   2.831049    
  0.0000000E+00
  0.0000000E+00
  0.0000000E+00
   388.5685    
   161.3622    
   157.6756    
   76.62210    
   10.03500    
   4.122093    
   51.23911    
  0.0000000E+00
  0.0000000E+00
  0.0000000E+00
   21.62695    
   306.5477    
   320.6751    
   379.2726    
   2.358765    
   49.63960    
   5.890106    
  0.0000000E+00
  0.0000000E+00
   37.36224    
   68.05750    
   23.20560    
   33.82469    
   135.4902    
   227.7622    
   334.0266    
   126.9906    
  0.0000000E+00
  0.0000000E+00
   320.6558    
   331.6394    
   40.84869    
   4.216690    
   49.96310    
   92.01398    
   102.0931    
   144.1091    
  0.0000000E+00
   243.1520    
   202.9363    
   184.6718    
   1.153503    
   65.43533    
   4.132599    
   6.670601    
   26.78961    
   26.26688    
  0.0000000E+00
   22.99609    
   21.35681    
   76.94952    
   183.4630    
   81.18231    
   34.11179    
   41.22449    
   10.30396    
   83.11301    
  0.0000000E+00
   2.932610    
   4.396759    
   8.464199    
   3.707703    
   43.83228    
   239.9969    
   119.2302    
   62.55054    
   8.716492    
  0.0000000E+00
   12.92319    
   3.986843    
  0.5548096    
   21.85190    
   61.37381    
   151.8955    
   235.4337    
   301.3134    
   262.0637    
  0.0000000E+00
   16.10060    
   23.54721    
   30.82741    
   22.16119    
   12.58400    
   48.08328    
   14.29370    
   265.5432    
  0.0000000E+00
  0.0000000E+00
  0.0000000E+00
  0.0000000E+00
   58.32422    
   1.206604    
   31.75369    
   43.20496    
  0.0000000E+00
  0.0000000E+00
  0.0000000E+00
