  0.0000000E+00
  0.0000000E+00
  0.0000000E+00
  0.0000000E+00
  0.0000000E+00
  0.0000000E+00
  0.0000000E+00
  5.5986911E-02
  2.6655391E-02
  3.3954531E-04
  0.0000000E+00
  0.0000000E+00
  0.0000000E+00
  0.0000000E+00
  0.0000000E+00
  5.0998777E-03
  8.6153895E-03
  6.8610385E-02
  2.9191092E-02
  1.3766825E-02
  0.0000000E+00
  0.0000000E+00
  0.0000000E+00
  0.0000000E+00
  2.1858692E-02
  4.2050034E-03
  1.0533303E-02
  4.7954008E-02
  7.5885713E-02
  1.7591298E-02
  0.0000000E+00
  0.0000000E+00
  0.0000000E+00
  7.5570107E-02
  3.4498096E-02
  2.6284903E-02
  1.3374709E-02
  2.5205195E-02
  5.4479405E-02
  1.8380299E-02
  0.0000000E+00
  0.0000000E+00
  4.4438496E-02
  6.3424215E-02
  4.2231292E-02
  1.0050505E-02
  1.2843698E-02
  4.0562451E-03
  4.3691397E-02
  6.6413507E-02
  0.0000000E+00
  0.0000000E+00
  2.8357401E-02
  5.7141095E-02
  8.6606696E-02
  2.2615403E-02
  2.2301301E-02
  2.2087991E-04
  1.5093982E-03
  7.5378716E-02
  0.0000000E+00
  0.0000000E+00
  2.5890604E-02
  3.0147508E-02
  9.1839999E-02
  2.1026999E-02
  3.0309603E-02
  2.9162198E-02
  1.7616898E-02
  1.8542811E-02
  0.0000000E+00
  2.2169193E-03
  7.9904273E-03
  1.9671589E-02
  3.7716687E-02
  7.0082009E-02
  2.7100898E-02
  5.4560006E-03
  2.7967021E-03
  3.1938300E-02
  0.0000000E+00
  2.9901266E-03
  8.9390539E-03
  8.5072294E-03
  2.0420998E-03
  3.8603991E-02
  3.5575584E-02
  3.7102401E-02
  1.0260805E-02
  1.8736303E-02
  0.0000000E+00
  1.2518242E-03
  3.5210475E-03
  1.1430562E-02
  1.0655686E-02
  8.2354993E-03
  7.2488293E-02
  5.2320614E-02
  3.1273097E-02
  2.0939797E-02
  0.0000000E+00
  3.9199628E-03
  1.7086431E-02
  1.6057976E-02
  6.0775653E-03
  4.8548952E-03
  2.6858598E-02
  0.1130597    
  6.8334937E-03
  5.6429893E-02
  8.5039362E-03
  2.8694216E-03
  1.1683255E-02
  2.3286402E-02
  9.4746426E-04
  3.0259378E-03
  6.2494949E-03
  7.2287187E-02
  6.6371709E-02
  4.6632290E-02
  3.4671500E-03
  9.2202798E-05
  4.9995370E-03
  1.6490504E-02
  1.1046484E-02
  1.8354189E-03
  1.4648408E-02
  3.7706703E-02
  7.6754183E-02
  0.0000000E+00
  0.0000000E+00
  3.6531985E-03
  1.4079735E-03
  2.3376420E-03
  1.3956130E-03
  8.3466694E-03
  2.7005076E-03
  0.0000000E+00
  0.0000000E+00
  0.0000000E+00
  0.0000000E+00
  0.0000000E+00
  0.0000000E+00
  0.0000000E+00
  0.0000000E+00
  0.0000000E+00
  0.0000000E+00
  1.3278365E-02
  9.0365037E-03
  1.1806197E-02
  0.0000000E+00
  0.0000000E+00
  0.0000000E+00
  0.0000000E+00
  0.0000000E+00
  2.5107600E-02
  1.0269880E-04
  1.2291454E-02
  5.4211803E-03
  3.6220551E-03
  0.0000000E+00
  0.0000000E+00
  0.0000000E+00
  0.0000000E+00
  8.8769943E-04
  2.4176612E-02
  6.8034977E-03
  1.4280200E-02
  6.9879070E-03
  3.0702800E-03
  0.0000000E+00
  0.0000000E+00
  0.0000000E+00
  1.9279703E-02
  1.0976397E-02
  9.2733949E-03
  1.6100690E-02
  1.0473400E-02
  3.7345141E-03
  8.0093369E-04
  0.0000000E+00
  0.0000000E+00
  6.1379001E-03
  1.1758797E-02
  6.3616931E-03
  5.9801862E-03
  8.3523728E-03
  4.7140568E-04
  7.9467297E-03
  4.0944368E-03
  0.0000000E+00
  0.0000000E+00
  1.9422099E-03
  6.7503378E-04
  1.8547699E-03
  1.5919767E-03
  7.9417452E-03
  4.3520331E-04
  1.0792688E-03
  6.2689185E-05
  0.0000000E+00
  0.0000000E+00
  4.7047734E-03
  2.9419176E-04
  4.7738180E-03
  1.7605294E-03
  3.2832958E-03
  1.8590912E-03
  9.9077076E-03
  2.3268983E-03
  0.0000000E+00
  4.3652840E-03
  2.9682294E-03
  3.2834150E-03
  4.2949468E-03
  5.3809881E-03
  1.3539195E-03
  3.9322935E-03
  8.1816241E-03
  1.3282917E-02
  0.0000000E+00
  5.8540441E-03
  6.5331161E-03
  6.1167628E-03
  3.8491152E-03
  6.1230734E-04
  6.5363273E-03
  5.6844838E-03
  4.4633523E-03
  1.2149066E-03
  0.0000000E+00
  3.5552271E-03
  2.5085881E-03
  1.2078948E-02
  6.3905902E-03
  8.7062269E-04
  3.9215758E-03
  1.2089029E-02
  7.7769011E-03
  9.9950284E-04
  0.0000000E+00
  8.0864429E-03
  1.5427060E-03
  3.1331033E-03
  7.7550635E-03
  2.2553951E-03
  1.4753900E-03
  1.7868802E-02
  2.9549003E-03
  8.8758543E-03
  5.0105527E-03
  2.9183775E-03
  3.6580116E-03
  1.9601591E-02
  1.4007702E-02
  4.4061467E-03
  8.3139129E-03
  4.6283156E-03
  1.4760591E-02
  9.5067471E-03
  2.8174967E-03
  3.2142922E-03
  1.4661029E-03
  5.9729069E-04
  9.9021345E-03
  8.8032037E-03
  3.5891011E-03
  1.0791801E-02
  6.0194358E-03
  0.0000000E+00
  0.0000000E+00
  3.2168552E-03
  5.1632598E-03
  2.3324400E-02
  3.2275319E-03
  1.5691593E-02
  1.1303872E-03
  0.0000000E+00
  0.0000000E+00
  0.0000000E+00
  0.0000000E+00
  0.0000000E+00
  0.0000000E+00
  0.0000000E+00
  0.0000000E+00
  0.0000000E+00
  0.0000000E+00
  0.0000000E+00
  0.0000000E+00
  0.0000000E+00
  0.0000000E+00
  0.0000000E+00
  0.0000000E+00
  0.0000000E+00
  0.0000000E+00
  0.0000000E+00
  0.0000000E+00
  7.1490005E-02
  7.1160808E-02
  8.6750090E-02
  0.0000000E+00
  0.0000000E+00
  0.0000000E+00
  0.0000000E+00
  0.0000000E+00
  1.4626198E-02
  3.7139803E-02
  8.8460192E-02
  6.3216612E-02
  0.1182658    
  0.0000000E+00
  0.0000000E+00
  0.0000000E+00
  0.0000000E+00
  2.2349596E-02
  2.1486402E-02
  1.4723986E-03
  1.5770808E-02
  3.8920686E-02
  5.9918717E-02
  0.0000000E+00
  0.0000000E+00
  0.0000000E+00
  7.6468900E-02
  1.7240494E-02
  3.4778804E-02
  1.3604008E-02
  1.2447275E-02
  2.3493409E-02
  8.8472590E-02
  0.0000000E+00
  0.0000000E+00
  0.0000000E+00
  4.4289976E-03
  1.6758397E-02
  3.0835509E-02
  2.2686303E-02
  8.1426650E-04
  3.5687089E-03
  3.8910061E-03
  0.0000000E+00
  0.0000000E+00
  7.0267990E-03
  1.2040459E-02
  1.8239208E-02
  3.6969304E-02
  1.6972408E-02
  5.5962905E-02
  1.9142903E-02
  2.1273702E-02
  0.0000000E+00
  0.0000000E+00
  5.2057691E-03
  7.4237138E-03
  2.1042295E-02
  1.7907098E-02
  1.6890302E-02
  2.8442100E-02
  5.6183606E-02
  7.0369989E-03
  0.0000000E+00
  2.9470801E-02
  3.6943406E-03
  1.4248043E-03
  3.3562109E-03
  1.6352892E-02
  5.3340048E-03
  7.3736504E-02
  9.1268197E-02
  3.3784062E-03
  0.0000000E+00
  8.4962398E-02
  1.9362301E-02
  5.1619187E-03
  2.0540580E-03
  3.6173593E-03
  5.2390099E-03
  2.1262586E-02
  1.1566311E-02
  7.7335984E-03
  0.0000000E+00
  8.1871808E-02
  2.2685602E-02
  1.3631999E-02
  8.6759776E-04
  7.3142387E-03
  1.2600757E-03
  2.1355003E-02
  4.2643994E-03
  7.0149004E-03
  0.0000000E+00
  4.1608796E-02
  4.7497213E-02
  2.5971517E-02
  2.1719098E-02
  1.3751090E-03
  1.3822094E-02
  7.6850504E-04
  1.4943898E-02
  8.1855431E-03
  0.0000000E+00
  1.1093989E-03
  2.1180958E-03
  7.9020813E-02
  7.4402690E-02
  5.3208202E-02
  1.3842791E-02
  1.5650600E-02
  2.6843309E-02
  0.0000000E+00
  0.0000000E+00
  0.0000000E+00
  0.0000000E+00
  7.7343687E-02
  7.7961802E-02
  0.1157216    
  4.8315719E-02
  0.0000000E+00
  0.0000000E+00
  0.0000000E+00
  0.0000000E+00
  0.0000000E+00
  0.0000000E+00
  0.0000000E+00
  0.0000000E+00
  0.0000000E+00
  0.0000000E+00
  0.0000000E+00
  0.0000000E+00
  0.0000000E+00
  0.0000000E+00
  0.0000000E+00
  0.0000000E+00
  0.0000000E+00
  0.0000000E+00
  0.0000000E+00
  0.0000000E+00
  9.0710074E-03
  1.9232795E-02
  1.0413736E-02
  0.0000000E+00
  0.0000000E+00
  0.0000000E+00
  0.0000000E+00
  0.0000000E+00
  6.5021068E-03
  5.5852979E-03
  1.5068293E-02
  7.7946037E-03
  1.3585091E-02
  0.0000000E+00
  0.0000000E+00
  0.0000000E+00
  0.0000000E+00
  8.8754296E-03
  1.6828001E-02
  2.0596102E-02
  1.7758787E-02
  9.5347911E-03
  1.1168197E-02
  0.0000000E+00
  0.0000000E+00
  0.0000000E+00
  1.3781749E-03
  8.5687749E-03
  3.6100075E-03
  1.7319620E-04
  6.4613968E-03
  3.7173495E-02
  2.0053089E-03
  0.0000000E+00
  0.0000000E+00
  0.0000000E+00
  5.8619119E-03
  4.1941777E-03
  1.4201358E-02
  6.1150938E-03
  1.9133508E-02
  6.7920983E-04
  7.2299093E-03
  0.0000000E+00
  0.0000000E+00
  5.6240968E-03
  5.1159188E-03
  1.5814915E-02
  6.0296953E-03
  5.1333010E-03
  5.2819438E-03
  1.3556805E-02
  1.5757002E-02
  0.0000000E+00
  0.0000000E+00
  1.8980697E-02
  1.1412650E-03
  6.1693937E-03
  2.4674505E-02
  8.9349002E-03
  4.1415989E-03
  1.2911603E-02
  1.4412798E-02
  0.0000000E+00
  3.0899383E-03
  9.2142522E-03
  2.4121299E-02
  2.3669004E-03
  2.0790502E-02
  1.3189644E-02
  9.2701912E-03
  8.0461949E-03
  8.1021041E-03
  0.0000000E+00
  6.8331920E-03
  8.2297623E-03
  2.4512798E-02
  8.4372014E-03
  9.8793060E-03
  1.2645498E-02
  1.8741697E-02
  9.9141970E-03
  3.0420408E-02
  0.0000000E+00
  3.8862135E-03
  6.0664937E-03
  1.5163124E-03
  5.6031048E-03
  7.1872026E-03
  1.6632095E-02
  5.4349005E-03
  8.5529685E-04
  3.1060204E-02
  0.0000000E+00
  1.5528984E-03
  1.3485007E-02
  2.1663100E-02
  1.4385298E-02
  2.0800978E-03
  1.2286201E-02
  2.2556290E-02
  6.6494942E-03
  1.6141489E-02
  0.0000000E+00
  3.2257698E-03
  5.0545894E-03
  1.4226593E-02
  2.4797499E-02
  8.5363984E-03
  7.2934031E-03
  2.1449901E-02
  7.9599991E-03
  0.0000000E+00
  0.0000000E+00
  0.0000000E+00
  0.0000000E+00
  2.7352601E-02
  8.1958845E-03
  5.4505020E-03
  1.2554005E-02
  0.0000000E+00
  0.0000000E+00
  0.0000000E+00
  0.0000000E+00
  0.0000000E+00
  0.0000000E+00
  0.0000000E+00
  0.0000000E+00
  0.0000000E+00
  0.0000000E+00
  0.0000000E+00
  0.0000000E+00
  0.0000000E+00
  0.0000000E+00
  0.0000000E+00
  0.0000000E+00
  0.0000000E+00
  0.0000000E+00
  0.0000000E+00
  0.0000000E+00
  3.7863785E-03
  1.2142584E-03
  3.9196014E-03
  0.0000000E+00
  0.0000000E+00
  0.0000000E+00
  0.0000000E+00
  0.0000000E+00
  2.7079701E-02
  1.4122203E-02
  8.2368180E-03
  3.6961325E-03
  1.3279207E-02
  0.0000000E+00
  0.0000000E+00
  0.0000000E+00
  0.0000000E+00
  9.4958097E-02
  8.3033100E-02
  1.7072409E-02
  3.9684400E-03
  6.7244545E-03
  1.6739219E-03
  0.0000000E+00
  0.0000000E+00
  0.0000000E+00
  6.4509913E-02
  3.6810085E-02
  6.8581000E-02
  2.7156502E-02
  2.7346194E-02
  7.8246966E-03
  1.7779335E-02
  0.0000000E+00
  0.0000000E+00
  0.0000000E+00
  9.0869963E-03
  5.8121800E-02
  5.6019813E-02
  4.1108415E-02
  2.9616058E-03
  4.5970976E-03
  1.8770203E-02
  0.0000000E+00
  0.0000000E+00
  3.9391994E-02
  2.9772073E-03
  1.6661495E-02
  8.9198351E-05
  1.1049807E-02
  3.7293300E-02
  7.0127800E-02
  3.3421710E-02
  0.0000000E+00
  0.0000000E+00
  9.8043814E-02
  3.2044947E-03
  1.6950592E-02
  4.6747662E-03
  8.9215934E-03
  1.4409989E-02
  2.9616103E-02
  3.3432707E-02
  0.0000000E+00
  0.1148136    
  9.9285498E-02
  4.5735195E-02
  4.0562898E-03
  5.4804087E-03
  1.3965897E-02
  6.9084242E-03
  1.3171531E-02
  1.1672199E-02
  0.0000000E+00
  1.6446114E-02
  6.1735690E-02
  4.4929609E-02
  3.7820414E-02
  3.0089706E-02
  1.3425708E-02
  6.6836923E-03
  1.1573508E-02
  1.3010204E-04
  0.0000000E+00
  9.6977167E-03
  1.3570312E-02
  3.9563924E-03
  4.7419071E-03
  6.1186209E-02
  1.8970072E-03
  3.6111310E-02
  1.4422789E-02
  5.3250045E-03
  0.0000000E+00
  1.3248309E-02
  1.0517687E-02
  1.1549026E-02
  1.5558794E-02
  2.9944927E-03
  1.2441486E-02
  0.1033012    
  7.6650605E-02
  7.4563101E-02
  0.0000000E+00
  1.9027799E-02
  1.9895099E-02
  1.3733007E-02
  4.3477044E-03
  2.2428036E-03
  1.9517303E-02
  5.3123400E-02
  1.7122895E-02
  0.0000000E+00
  0.0000000E+00
  0.0000000E+00
  0.0000000E+00
  5.1829964E-03
  3.8203999E-02
  3.1960413E-02
  5.6227893E-02
  0.0000000E+00
  0.0000000E+00
  0.0000000E+00
