  0.0000000E+00
  0.0000000E+00
  0.0000000E+00
  0.0000000E+00
  0.0000000E+00
  0.0000000E+00
  0.0000000E+00
   95.26218    
   12.06135    
   3.048617    
  0.0000000E+00
  0.0000000E+00
  0.0000000E+00
  0.0000000E+00
  0.0000000E+00
   1.435260    
   66.12517    
   89.91370    
   92.58539    
   5.066608    
  0.0000000E+00
  0.0000000E+00
  0.0000000E+00
  0.0000000E+00
   29.67840    
   3.281556    
   46.49229    
   99.11055    
   100.1594    
   8.448104    
  0.0000000E+00
  0.0000000E+00
  0.0000000E+00
   93.81870    
   94.11305    
   5.733677    
   5.412370    
   56.69585    
   102.5798    
   55.16882    
  0.0000000E+00
  0.0000000E+00
   108.2197    
   88.85742    
   103.5309    
   43.78617    
   3.373507    
   22.23306    
   105.2990    
   105.6278    
  0.0000000E+00
  0.0000000E+00
   106.2708    
   93.55294    
   94.34348    
   50.41627    
   14.77918    
  0.1704296    
   3.306906    
   106.0509    
  0.0000000E+00
  0.0000000E+00
   109.3743    
   104.8178    
   93.66563    
   78.82775    
   54.69207    
   3.779042    
   74.04729    
   74.65614    
  0.0000000E+00
   1.596746    
   18.32473    
   50.60830    
   102.5498    
   103.9077    
   58.59587    
   6.260750    
   15.72510    
   94.25681    
  0.0000000E+00
  0.9519128    
   2.135154    
   13.14982    
   1.383166    
   92.80564    
   97.59375    
   66.78326    
   8.877251    
   48.54754    
  0.0000000E+00
   1.377793    
   1.423837    
  0.7924687    
   8.496476    
   23.66099    
   98.18822    
   91.30737    
   49.54235    
   41.58434    
  0.0000000E+00
  0.6492389    
   2.918290    
   2.792725    
  7.4158236E-02
   4.729832    
   79.62374    
   93.76079    
   4.318967    
   53.71769    
   1.048654    
  0.7249793    
   1.664971    
   19.36162    
   2.195484    
  0.1087260    
   9.807756    
   86.30365    
   107.8799    
   99.40584    
   6.947196    
  0.9170129    
   1.280447    
   32.70343    
   28.82939    
   2.855052    
   12.29158    
   91.51219    
   93.33779    
  0.0000000E+00
  0.0000000E+00
   8.231777    
   2.330844    
   1.626662    
   55.60180    
   6.265626    
   7.384579    
  0.0000000E+00
  0.0000000E+00
  0.0000000E+00
  0.0000000E+00
  0.0000000E+00
  0.0000000E+00
  0.0000000E+00
  0.0000000E+00
  0.0000000E+00
  0.0000000E+00
   3.889719    
   9.238153    
   12.34887    
  0.0000000E+00
  0.0000000E+00
  0.0000000E+00
  0.0000000E+00
  0.0000000E+00
   19.52118    
   12.52638    
   5.358794    
   3.110838    
   3.307541    
  0.0000000E+00
  0.0000000E+00
  0.0000000E+00
  0.0000000E+00
   31.44366    
   32.05463    
   22.05692    
   14.69251    
   2.566424    
  0.9456761    
  0.0000000E+00
  0.0000000E+00
  0.0000000E+00
   25.62988    
   29.01280    
   32.29977    
   27.18287    
   16.89630    
   3.286249    
  0.5213199    
  0.0000000E+00
  0.0000000E+00
   9.389706    
   18.62429    
   17.53493    
   20.54463    
   7.875350    
   12.37600    
   2.919171    
  0.6963664    
  0.0000000E+00
  0.0000000E+00
   2.581748    
   4.975753    
   2.047724    
   6.650416    
   6.500907    
  0.4001194    
  0.1424069    
  0.5851069    
  0.0000000E+00
  0.0000000E+00
   2.134133    
  0.6743103    
   1.277398    
   1.119220    
   1.725437    
   12.57318    
   5.095452    
   2.255270    
  0.0000000E+00
   6.143763    
   2.381089    
   1.116249    
   1.146049    
   2.630292    
  0.1491792    
   2.574926    
   4.212422    
   2.432435    
  0.0000000E+00
   2.778118    
   2.678825    
   4.116303    
  8.9092344E-02
   2.754606    
   1.118743    
   1.786217    
   1.159226    
   1.434273    
  0.0000000E+00
  0.9118007    
   2.521849    
   6.787261    
   3.818131    
  0.7356299    
  0.6306778    
   2.202918    
   1.016715    
   4.552502    
  0.0000000E+00
   8.705307    
   4.166087    
   14.22864    
  0.4060755    
   1.904018    
   1.563344    
   10.25313    
  0.1951893    
   2.520679    
   5.563076    
   3.872509    
   5.374652    
   20.87287    
   14.69578    
  0.1434172    
   2.156755    
   2.673997    
   3.877480    
  0.8842595    
   2.048479    
  0.7674431    
  0.4675802    
   3.601272    
   6.982803    
   5.739720    
   9.345647    
   10.14325    
   5.478140    
  0.0000000E+00
  0.0000000E+00
   1.121829    
   3.357794    
   16.03113    
   4.418960    
   9.809032    
   17.67111    
  0.0000000E+00
  0.0000000E+00
  0.0000000E+00
  0.0000000E+00
  0.0000000E+00
  0.0000000E+00
  0.0000000E+00
  0.0000000E+00
  0.0000000E+00
  0.0000000E+00
  0.0000000E+00
  0.0000000E+00
  0.0000000E+00
  0.0000000E+00
  0.0000000E+00
  0.0000000E+00
  0.0000000E+00
  0.0000000E+00
  0.0000000E+00
  0.0000000E+00
   88.84088    
   95.25113    
   72.63673    
  0.0000000E+00
  0.0000000E+00
  0.0000000E+00
  0.0000000E+00
  0.0000000E+00
   72.85487    
   93.66338    
   99.63618    
   95.28851    
   60.35274    
  0.0000000E+00
  0.0000000E+00
  0.0000000E+00
  0.0000000E+00
   93.55439    
   46.31967    
   27.51431    
   58.16155    
   106.0104    
   99.65551    
  0.0000000E+00
  0.0000000E+00
  0.0000000E+00
   81.18087    
   31.30855    
   60.04552    
   48.41728    
   20.97008    
   43.69032    
   69.34832    
  0.0000000E+00
  0.0000000E+00
  0.0000000E+00
   69.81278    
   74.87868    
   54.62758    
   39.80214    
  0.4280651    
   1.296214    
   36.02147    
  0.0000000E+00
  0.0000000E+00
   6.095083    
   11.35397    
   19.49806    
   35.80053    
   39.71021    
   19.17398    
   10.13076    
   44.63999    
  0.0000000E+00
  0.0000000E+00
   7.556452    
   13.67723    
   19.36556    
   26.72998    
   66.17212    
   100.1737    
   69.26090    
   12.37072    
  0.0000000E+00
   79.18610    
   10.03729    
   4.624570    
  0.2744370    
   26.16931    
   29.39115    
   69.51351    
   60.61159    
   108.0672    
  0.0000000E+00
   91.22715    
   83.49815    
   22.50016    
   2.441272    
   7.638638    
   26.90627    
   56.43285    
   107.7081    
   55.71368    
  0.0000000E+00
   89.64000    
   91.17804    
   68.69868    
   1.973403    
   7.099916    
   7.650164    
   48.66848    
   1.531918    
   101.4393    
  0.0000000E+00
   103.4943    
   91.05389    
   91.09192    
   92.31949    
   2.957898    
   16.06392    
   32.88153    
   30.78780    
   15.33322    
  0.0000000E+00
   22.42646    
   83.27179    
   87.32491    
   87.58434    
   88.95670    
   77.78244    
   19.73856    
   20.50385    
  0.0000000E+00
  0.0000000E+00
  0.0000000E+00
  0.0000000E+00
   90.90604    
   89.56982    
   87.73243    
   88.27071    
  0.0000000E+00
  0.0000000E+00
  0.0000000E+00
  0.0000000E+00
  0.0000000E+00
  0.0000000E+00
  0.0000000E+00
  0.0000000E+00
  0.0000000E+00
  0.0000000E+00
  0.0000000E+00
  0.0000000E+00
  0.0000000E+00
  0.0000000E+00
  0.0000000E+00
  0.0000000E+00
  0.0000000E+00
  0.0000000E+00
  0.0000000E+00
  0.0000000E+00
   7.534637    
   5.571538    
   11.67214    
  0.0000000E+00
  0.0000000E+00
  0.0000000E+00
  0.0000000E+00
  0.0000000E+00
   26.50802    
   57.87919    
   63.93789    
   30.75406    
   37.05103    
  0.0000000E+00
  0.0000000E+00
  0.0000000E+00
  0.0000000E+00
   6.171168    
   13.03374    
   72.51432    
   73.76684    
   86.26990    
   24.77088    
  0.0000000E+00
  0.0000000E+00
  0.0000000E+00
  0.3801633    
   2.506846    
   4.847249    
   66.86861    
   82.97049    
   72.61505    
   40.20021    
  0.0000000E+00
  0.0000000E+00
  0.0000000E+00
  0.7078742    
  0.7453543    
   13.48167    
   43.05464    
   1.316877    
  0.8473409    
   40.78351    
  0.0000000E+00
  0.0000000E+00
  0.2726364    
  0.4951948    
   17.40505    
   31.98457    
   29.99043    
   5.742053    
   9.243550    
   7.623145    
  0.0000000E+00
  0.0000000E+00
   1.426903    
   4.318336    
   45.84755    
   19.92474    
   5.656461    
   4.535062    
   8.417373    
   8.117704    
  0.0000000E+00
   4.760985    
   2.754122    
   17.46700    
   1.445217    
   37.27697    
   5.117679    
   11.66653    
   9.326516    
   26.46248    
  0.0000000E+00
   3.662128    
   4.755919    
   26.36556    
   53.03773    
   43.71921    
   3.566874    
   6.771720    
   19.94377    
   82.04556    
  0.0000000E+00
   2.263163    
   2.373600    
   55.27346    
   2.720980    
   23.25777    
   6.886563    
   16.97111    
   2.175835    
   67.12447    
  0.0000000E+00
   1.064413    
   1.646787    
   14.94492    
   41.79420    
  0.8859960    
   26.83250    
   66.84933    
   81.71463    
   50.18842    
  0.0000000E+00
  0.4332651    
   1.256223    
   8.919628    
   16.75365    
   24.97662    
   48.36550    
   51.73020    
   25.72761    
  0.0000000E+00
  0.0000000E+00
  0.0000000E+00
  0.0000000E+00
   3.439742    
   4.745636    
   5.571798    
   18.07880    
  0.0000000E+00
  0.0000000E+00
  0.0000000E+00
  0.0000000E+00
  0.0000000E+00
  0.0000000E+00
  0.0000000E+00
  0.0000000E+00
  0.0000000E+00
  0.0000000E+00
  0.0000000E+00
  0.0000000E+00
  0.0000000E+00
  0.0000000E+00
  0.0000000E+00
  0.0000000E+00
  0.0000000E+00
  0.0000000E+00
  0.0000000E+00
  0.0000000E+00
   1.237536    
   7.349800    
   62.31796    
  0.0000000E+00
  0.0000000E+00
  0.0000000E+00
  0.0000000E+00
  0.0000000E+00
   32.78982    
   3.343049    
  0.9843412    
   2.437135    
   12.62236    
  0.0000000E+00
  0.0000000E+00
  0.0000000E+00
  0.0000000E+00
   96.89114    
   104.9602    
   55.38208    
   4.169168    
   6.102124    
   3.053852    
  0.0000000E+00
  0.0000000E+00
  0.0000000E+00
   85.81781    
   91.72894    
   101.5738    
   83.58549    
   25.52766    
   12.49610    
   55.60369    
  0.0000000E+00
  0.0000000E+00
  0.0000000E+00
   108.2038    
   91.68489    
   87.98888    
   89.22350    
   4.239670    
   38.04836    
   32.08104    
  0.0000000E+00
  0.0000000E+00
   98.96441    
   62.69518    
   38.32656    
   35.55721    
   101.7187    
   93.81735    
   88.88097    
   102.3995    
  0.0000000E+00
  0.0000000E+00
   93.98560    
   90.71890    
   105.5203    
   34.58400    
   57.60037    
   100.9850    
   107.7782    
   94.53188    
  0.0000000E+00
   89.71649    
   93.96130    
   97.51096    
   4.009192    
   81.46161    
   25.36041    
   18.43797    
   67.53857    
   64.69380    
  0.0000000E+00
   60.23246    
   91.63229    
   102.8819    
   89.65800    
   105.3996    
   92.91317    
   53.66542    
   18.58474    
   69.64111    
  0.0000000E+00
   3.519822    
   7.022411    
   8.767234    
   3.426800    
   100.0063    
   93.66133    
   94.78395    
   95.04093    
   47.40800    
  0.0000000E+00
   20.89936    
   6.075373    
   3.833025    
   35.68803    
   68.59921    
   93.32027    
   86.97272    
   87.03795    
   90.29562    
  0.0000000E+00
   30.31837    
   23.94761    
   34.00569    
   22.23962    
   29.03879    
   80.87009    
   68.53031    
   88.57261    
  0.0000000E+00
  0.0000000E+00
  0.0000000E+00
  0.0000000E+00
   57.44382    
   65.56461    
   71.86213    
   108.1064    
  0.0000000E+00
  0.0000000E+00
  0.0000000E+00
