  0.0000000E+00
  0.0000000E+00
  0.0000000E+00
  0.0000000E+00
  0.0000000E+00
  0.0000000E+00
  0.0000000E+00
  2.7404496E-02
  3.2115713E-02
  9.2616901E-03
  0.0000000E+00
  0.0000000E+00
  0.0000000E+00
  0.0000000E+00
  0.0000000E+00
  8.7333666E-03
  3.2426659E-02
  2.7152469E-02
  2.9582307E-02
  1.3680043E-02
  0.0000000E+00
  0.0000000E+00
  0.0000000E+00
  0.0000000E+00
  2.6921671E-02
  2.7092779E-02
  2.0581605E-02
  3.1249236E-02
  2.7837738E-02
  3.0504322E-02
  0.0000000E+00
  0.0000000E+00
  0.0000000E+00
  2.8747670E-02
  3.0398920E-02
  3.3285856E-02
  1.3357043E-02
  2.3386162E-02
  2.6920347E-02
  3.2483071E-02
  0.0000000E+00
  0.0000000E+00
  3.1750765E-02
  2.7085125E-02
  3.0471828E-02
  3.1232441E-02
  1.6389165E-02
  9.8294290E-03
  3.0324448E-02
  2.8793007E-02
  0.0000000E+00
  0.0000000E+00
  3.2487065E-02
  3.0471578E-02
  2.8555101E-02
  2.5873058E-02
  3.2226637E-02
  5.0707784E-04
  8.8772870E-04
  2.8455272E-02
  0.0000000E+00
  0.0000000E+00
  2.8201586E-02
  2.7339514E-02
  2.7896348E-02
  2.8609984E-02
  2.5406357E-02
  2.4293153E-02
  2.7060272E-02
  3.1087400E-02
  0.0000000E+00
  2.0360623E-03
  1.3999823E-02
  2.6307654E-02
  2.8743925E-02
  2.7071077E-02
  2.5799194E-02
  2.3809966E-02
  1.8575061E-02
  3.1315971E-02
  0.0000000E+00
  1.9169198E-03
  7.7564297E-03
  1.1731638E-02
  9.7367971E-04
  2.8839782E-02
  2.8247407E-02
  3.2622132E-02
  1.5391270E-02
  3.1625796E-02
  0.0000000E+00
  8.0289580E-03
  6.1888141E-03
  1.0038224E-02
  1.1965209E-02
  2.5428301E-02
  2.6863048E-02
  2.7980197E-02
  3.2192245E-02
  2.6246166E-02
  0.0000000E+00
  6.2576188E-03
  1.4265249E-02
  1.4268621E-02
  3.4881290E-04
  1.2863025E-02
  3.1385101E-02
  2.6371032E-02
  1.5864356E-03
  2.8926693E-02
  1.1632964E-02
  4.3733390E-03
  1.6958475E-02
  2.9138686E-02
  7.4330834E-03
  3.3871966E-04
  2.1287186E-02
  2.7084848E-02
  2.6116615E-02
  2.9853635E-02
  9.6590994E-03
  3.7580093E-03
  1.0007688E-02
  2.0307718E-02
  1.5015125E-02
  4.4902102E-03
  1.3918990E-02
  2.8446542E-02
  2.7437689E-02
  0.0000000E+00
  0.0000000E+00
  1.8876079E-02
  7.6768748E-03
  5.7493108E-03
  2.7865527E-02
  1.1268581E-02
  7.1835532E-03
  0.0000000E+00
  0.0000000E+00
  0.0000000E+00
  0.0000000E+00
  0.0000000E+00
  0.0000000E+00
  0.0000000E+00
  0.0000000E+00
  0.0000000E+00
  0.0000000E+00
  1.4459514E-02
  1.4382347E-02
  1.4220356E-02
  0.0000000E+00
  0.0000000E+00
  0.0000000E+00
  0.0000000E+00
  0.0000000E+00
  2.1253424E-02
  1.8547708E-02
  1.4322092E-02
  9.2873648E-03
  5.4579955E-03
  0.0000000E+00
  0.0000000E+00
  0.0000000E+00
  0.0000000E+00
  1.8902836E-02
  2.6010508E-02
  2.5553731E-02
  2.2546679E-02
  1.1958074E-02
  5.0875307E-03
  0.0000000E+00
  0.0000000E+00
  0.0000000E+00
  2.0431198E-02
  2.3336802E-02
  2.4594823E-02
  2.4180725E-02
  2.2629593E-02
  1.1243394E-02
  5.7517653E-03
  0.0000000E+00
  0.0000000E+00
  1.6525375E-02
  1.8066194E-02
  1.8087953E-02
  1.3655900E-02
  1.1258726E-02
  1.6570400E-02
  1.2634248E-02
  5.8412165E-03
  0.0000000E+00
  0.0000000E+00
  1.3460511E-02
  6.3023730E-03
  6.9095320E-03
  1.1186256E-02
  1.4188268E-02
  5.6674005E-04
  5.6557200E-04
  6.2422790E-03
  0.0000000E+00
  0.0000000E+00
  8.1762904E-03
  4.3839375E-03
  5.6477441E-03
  4.7961380E-03
  8.5399775E-03
  1.5389294E-02
  1.2255516E-02
  1.0501756E-02
  0.0000000E+00
  1.0307424E-02
  1.2874158E-02
  3.3338431E-03
  4.9949083E-03
  6.0013672E-03
  2.8154021E-03
  6.5567247E-03
  1.1371709E-02
  1.4671200E-02
  0.0000000E+00
  9.4141997E-03
  6.9420259E-03
  1.1664732E-02
  2.8421541E-04
  1.0901889E-02
  6.1518080E-03
  8.1373500E-03
  5.8432976E-03
  8.3683068E-03
  0.0000000E+00
  5.0877621E-03
  6.3195098E-03
  1.2050061E-02
  9.4849365E-03
  4.8006554E-03
  6.6505806E-03
  1.4973663E-02
  1.2672326E-02
  1.4656861E-02
  0.0000000E+00
  1.2634375E-02
  8.4840376E-03
  1.7065153E-02
  5.0804712E-04
  5.8878986E-03
  8.5110646E-03
  1.8129988E-02
  5.0352956E-04
  1.6996633E-02
  1.2420167E-02
  1.2588917E-02
  1.5780415E-02
  2.2077395E-02
  1.6616371E-02
  4.0470337E-04
  9.3106097E-03
  1.2063707E-02
  1.4156083E-02
  9.0434924E-03
  1.6396366E-02
  7.4606421E-03
  6.8826275E-03
  1.3715635E-02
  1.4964515E-02
  1.0349862E-02
  1.8881783E-02
  1.7137725E-02
  1.5410239E-02
  0.0000000E+00
  0.0000000E+00
  6.5457239E-03
  1.3889286E-02
  2.3747196E-02
  1.7164592E-02
  1.4343194E-02
  2.2541327E-02
  0.0000000E+00
  0.0000000E+00
  0.0000000E+00
  0.0000000E+00
  0.0000000E+00
  0.0000000E+00
  0.0000000E+00
  0.0000000E+00
  0.0000000E+00
  0.0000000E+00
  0.0000000E+00
  0.0000000E+00
  0.0000000E+00
  0.0000000E+00
  0.0000000E+00
  0.0000000E+00
  0.0000000E+00
  0.0000000E+00
  0.0000000E+00
  0.0000000E+00
  2.6788972E-02
  2.6362514E-02
  2.6762139E-02
  0.0000000E+00
  0.0000000E+00
  0.0000000E+00
  0.0000000E+00
  0.0000000E+00
  2.0620612E-02
  3.1159347E-02
  2.8008543E-02
  2.6570331E-02
  2.5962556E-02
  0.0000000E+00
  0.0000000E+00
  0.0000000E+00
  0.0000000E+00
  3.1689040E-02
  2.7457388E-02
  2.0067457E-02
  2.6860487E-02
  2.8034627E-02
  2.6565908E-02
  0.0000000E+00
  0.0000000E+00
  0.0000000E+00
  2.7920492E-02
  2.9696550E-02
  2.8590292E-02
  1.7212167E-02
  1.5755741E-02
  2.9379169E-02
  2.6955817E-02
  0.0000000E+00
  0.0000000E+00
  0.0000000E+00
  2.4312841E-02
  3.1300783E-02
  3.0123260E-02
  3.1101324E-02
  5.3903402E-04
  7.3482672E-04
  3.1737901E-02
  0.0000000E+00
  0.0000000E+00
  2.0199388E-02
  1.5851159E-02
  2.2034345E-02
  3.1039329E-02
  3.1507056E-02
  3.0721758E-02
  2.3502216E-02
  3.2039721E-02
  0.0000000E+00
  0.0000000E+00
  1.1343572E-02
  1.5561430E-02
  2.5058042E-02
  3.2131627E-02
  3.0079054E-02
  3.1181622E-02
  2.8935382E-02
  2.9175512E-02
  0.0000000E+00
  2.4385070E-02
  1.6313965E-02
  7.1413852E-03
  4.5028390E-04
  1.9824855E-02
  2.7196441E-02
  3.0293126E-02
  2.7854972E-02
  3.0144513E-02
  0.0000000E+00
  2.8481504E-02
  2.6363334E-02
  1.6353050E-02
  5.3605321E-03
  5.8495514E-03
  2.2072431E-02
  3.1595174E-02
  3.1613450E-02
  3.0413790E-02
  0.0000000E+00
  2.7885236E-02
  2.9206688E-02
  2.5065664E-02
  6.7902973E-04
  1.1587925E-02
  7.6731853E-03
  2.1797834E-02
  9.3414600E-04
  3.0402139E-02
  0.0000000E+00
  3.1940732E-02
  2.7387960E-02
  2.8650898E-02
  2.9994052E-02
  1.0795933E-03
  1.6930228E-02
  1.7875075E-02
  2.0125214E-02
  1.5546568E-02
  0.0000000E+00
  1.7529728E-02
  3.1647339E-02
  2.7049160E-02
  2.6161270E-02
  2.7021205E-02
  3.0100776E-02
  1.9877261E-02
  2.7418826E-02
  0.0000000E+00
  0.0000000E+00
  0.0000000E+00
  0.0000000E+00
  2.8069463E-02
  2.6470205E-02
  2.6002822E-02
  2.7102660E-02
  0.0000000E+00
  0.0000000E+00
  0.0000000E+00
  0.0000000E+00
  0.0000000E+00
  0.0000000E+00
  0.0000000E+00
  0.0000000E+00
  0.0000000E+00
  0.0000000E+00
  0.0000000E+00
  0.0000000E+00
  0.0000000E+00
  0.0000000E+00
  0.0000000E+00
  0.0000000E+00
  0.0000000E+00
  0.0000000E+00
  0.0000000E+00
  0.0000000E+00
  2.1224245E-02
  2.1838820E-02
  1.4552034E-02
  0.0000000E+00
  0.0000000E+00
  0.0000000E+00
  0.0000000E+00
  0.0000000E+00
  2.4457671E-02
  2.8682936E-02
  2.6802434E-02
  2.4043012E-02
  2.3051787E-02
  0.0000000E+00
  0.0000000E+00
  0.0000000E+00
  0.0000000E+00
  1.5133389E-02
  2.1676436E-02
  3.3456139E-02
  3.2882411E-02
  3.2223456E-02
  2.4848608E-02
  0.0000000E+00
  0.0000000E+00
  0.0000000E+00
  2.3182910E-03
  1.0423551E-02
  1.7260041E-02
  2.9692011E-02
  3.1588104E-02
  3.2323800E-02
  2.9062631E-02
  0.0000000E+00
  0.0000000E+00
  0.0000000E+00
  5.9749507E-03
  9.5161358E-03
  1.7108355E-02
  3.2893963E-02
  1.1046302E-03
  7.4808451E-04
  2.4479762E-02
  0.0000000E+00
  0.0000000E+00
  1.1306979E-02
  7.7002971E-03
  1.9881144E-02
  2.6921755E-02
  2.6796514E-02
  1.0848098E-02
  1.2794168E-02
  2.0088613E-02
  0.0000000E+00
  0.0000000E+00
  1.6026294E-02
  1.1123531E-02
  2.5450535E-02
  2.7067488E-02
  1.9196341E-02
  5.0474256E-03
  2.0129055E-02
  1.8108210E-02
  0.0000000E+00
  9.6530979E-03
  1.1552769E-02
  2.4638278E-02
  7.8427629E-04
  2.5346430E-02
  1.6501976E-02
  1.6703369E-02
  1.3426608E-02
  2.1254392E-02
  0.0000000E+00
  1.0555604E-02
  1.4366324E-02
  2.9837916E-02
  2.7030462E-02
  2.5020542E-02
  1.7630771E-02
  2.1330928E-02
  1.7392036E-02
  3.2479059E-02
  0.0000000E+00
  3.5613701E-03
  1.5686668E-02
  3.2228339E-02
  8.6662808E-04
  1.9989243E-02
  1.9156303E-02
  2.1345448E-02
  9.0461707E-04
  3.0193338E-02
  0.0000000E+00
  7.1571055E-03
  1.2670820E-02
  2.0526500E-02
  2.3953298E-02
  6.1678916E-04
  2.1939274E-02
  2.7896713E-02
  2.8568013E-02
  2.6642881E-02
  0.0000000E+00
  3.2674603E-03
  6.1715720E-03
  2.0215033E-02
  2.1994079E-02
  2.0181710E-02
  2.4413222E-02
  2.5018187E-02
  2.0362914E-02
  0.0000000E+00
  0.0000000E+00
  0.0000000E+00
  0.0000000E+00
  2.6209507E-02
  1.3349885E-02
  1.4895342E-02
  2.0650778E-02
  0.0000000E+00
  0.0000000E+00
  0.0000000E+00
  0.0000000E+00
  0.0000000E+00
  0.0000000E+00
  0.0000000E+00
  0.0000000E+00
  0.0000000E+00
  0.0000000E+00
  0.0000000E+00
  0.0000000E+00
  0.0000000E+00
  0.0000000E+00
  0.0000000E+00
  0.0000000E+00
  0.0000000E+00
  0.0000000E+00
  0.0000000E+00
  0.0000000E+00
  1.6302110E-03
  1.4635477E-02
  1.4077655E-02
  0.0000000E+00
  0.0000000E+00
  0.0000000E+00
  0.0000000E+00
  0.0000000E+00
  3.3215087E-02
  2.9834006E-02
  7.8638522E-03
  7.8503620E-03
  2.2645075E-02
  0.0000000E+00
  0.0000000E+00
  0.0000000E+00
  0.0000000E+00
  2.5954206E-02
  2.7417673E-02
  3.1710181E-02
  1.5419007E-02
  1.3431746E-02
  1.2027003E-02
  0.0000000E+00
  0.0000000E+00
  0.0000000E+00
  2.6184069E-02
  2.8628314E-02
  2.9270820E-02
  2.5214506E-02
  2.9825520E-02
  1.9034481E-02
  1.8439271E-02
  0.0000000E+00
  0.0000000E+00
  0.0000000E+00
  2.9997477E-02
  2.7750308E-02
  2.7119463E-02
  2.5747592E-02
  1.2882847E-03
  2.8762441E-02
  2.0744385E-02
  0.0000000E+00
  0.0000000E+00
  3.2349776E-02
  2.2083001E-02
  2.7951064E-02
  2.6036136E-02
  3.0245731E-02
  3.0626871E-02
  2.9097702E-02
  3.2290142E-02
  0.0000000E+00
  0.0000000E+00
  2.7939487E-02
  2.9724149E-02
  2.2782864E-02
  9.4274757E-03
  2.3068450E-02
  2.9528895E-02
  2.9623756E-02
  2.9712806E-02
  0.0000000E+00
  2.7231470E-02
  2.5736302E-02
  2.5622148E-02
  1.3661139E-03
  2.7564609E-02
  1.6907429E-02
  1.1235382E-02
  1.5215388E-02
  1.7062860E-02
  0.0000000E+00
  3.1553030E-02
  2.7367592E-02
  2.6549673E-02
  2.7672909E-02
  3.1533264E-02
  3.1598933E-02
  2.3879824E-02
  2.2699382E-02
  1.7925952E-02
  0.0000000E+00
  9.3953861E-03
  1.0710209E-02
  2.6732799E-02
  1.4658951E-03
  2.8489364E-02
  3.1321112E-02
  3.0250300E-02
  2.7578441E-02
  3.1891081E-02
  0.0000000E+00
  1.0864584E-02
  9.2760576E-03
  1.3744605E-02
  2.4696020E-02
  2.7959477E-02
  2.6763216E-02
  2.7216099E-02
  2.7480463E-02
  2.7122980E-02
  0.0000000E+00
  3.0343508E-02
  2.3305446E-02
  1.8649230E-02
  2.1214269E-02
  2.7595066E-02
  3.0556047E-02
  3.0529924E-02
  2.9968206E-02
  0.0000000E+00
  0.0000000E+00
  0.0000000E+00
  0.0000000E+00
  1.8208276E-02
  3.0675741E-02
  3.1663239E-02
  3.0171439E-02
  0.0000000E+00
  0.0000000E+00
  0.0000000E+00
