iteration     2938
 status:           0
 it:        2938
 if flag=0, a maximum was founded satisfying
 convergence criteria and maximum number
 of iteractions
 if flag=1, the maximum number of iteractions
 was exceded
 MELHOR MODELO - COMPLEX          832
 Funcao Objeto =   3.9014063E-04
    0.0000     0.0000     3.1200
    0.0000     0.0000     3.1200
    0.0000     0.0000     3.1200
    0.0000     0.0000     3.1200
    0.0000     0.0000     3.1200
    0.0000     0.0000     3.1200
    0.0000     0.0000     3.1200
    0.2148   554.9169   175.1443
    0.2116    59.4687    21.5553
    0.0541    14.7492     7.6923
    0.0000     0.0000     3.1200
    0.0000     0.0000     3.1200
    0.0000     0.0000     3.1200
    0.0000     0.0000     3.1200
    0.0000     0.0000     3.1200
    0.0554     7.8447     5.5519
    0.1963   330.6110   105.6094
    0.2144   626.4850   197.3304
    0.1934   502.4274   158.8725
    0.0945    31.3453    12.8370
    0.0000     0.0000     3.1200
    0.0000     0.0000     3.1200
    0.0000     0.0000     3.1200
    0.0000     0.0000     3.1200
    0.1762   166.1265    54.6192
    0.1535    20.8357     9.5791
    0.1073   261.3757    84.1465
    0.1783   494.6677   156.4670
    0.1999   520.8948   164.5974
    0.1538    42.7282    16.3657
    0.0000     0.0000     3.1200
    0.0000     0.0000     3.1200
    0.0000     0.0000     3.1200
    0.1790   590.0073   186.0222
    0.1890   618.1042   194.7323
    0.2134    34.9168    13.9442
    0.0898    24.7075    10.7793
    0.1612   285.9299    91.7583
    0.2315   563.9335   177.9394
    0.1626   362.0803   115.3649
    0.0000     0.0000     3.1200
    0.0000     0.0000     3.1200
    0.1595   695.9999   218.8800
    0.2130   689.7465   216.9414
    0.1849   559.4690   176.5554
    0.1937   232.4068    75.1661
    0.1073    15.9264     8.0572
    0.0524   119.3343    40.1136
    0.1953   632.6268   199.2343
    0.1801   521.9165   164.9141
    0.0000     0.0000     3.1200
    0.0000     0.0000     3.1200
    0.2108   711.5949   223.7144
    0.1657   697.4033   219.3150
    0.1665   606.9213   191.2656
    0.1742   334.0373   106.6716
    0.1659    88.5524    30.5712
    0.0919    29.7710    12.3490
    0.1590   576.8787   181.9524
    0.1820   747.1409   234.7337
    0.0000     0.0000     3.1200
    0.0000     0.0000     3.1200
    0.1386   612.6042   193.0273
    0.1888   714.0075   224.4623
    0.1874   609.4534   192.0506
    0.1831   501.1378   158.4727
    0.1156   313.4891   100.3016
    0.1669    26.6727    11.3885
    0.1736   498.5212   157.6616
    0.2082   377.2361   120.0632
    0.0000     0.0000     3.1200
    0.0172     7.5803     5.4699
    0.0730   101.2395    34.5042
    0.1726   234.9121    75.9428
    0.2143   552.8035   174.4891
    0.2016   700.1756   220.1744
    0.1198   276.6917    88.8944
    0.1287    30.8224    12.6749
    0.1037    79.3967    27.7330
    0.1643   629.0788   198.1344
    0.0000     0.0000     3.1200
    0.0177     4.6082     4.5486
    0.0538    12.6453     7.0400
    0.0576    78.4040    27.4252
    0.1704   243.7748    78.6902
    0.2191   435.8990   138.2487
    0.2370   710.4720   223.3663
    0.1563   326.5224   104.3419
    0.0786    48.4786    18.1484
    0.2085   278.3139    89.3973
    0.0000     0.0000     3.1200
    0.0459     8.3363     5.7042
    0.0383     9.2233     5.9792
    0.0464     4.4247     4.4916
    0.0775    43.6794    16.6606
    0.1508   137.7887    45.8345
    0.2063   581.1061   183.2629
    0.2225   633.6093   199.5389
    0.2178   281.9438    90.5226
    0.1722   189.1059    61.7428
    0.0000     0.0000     3.1200
    0.0412     3.7385     4.2789
    0.0979    16.7045     8.2984
    0.0989    13.9965     7.4589
    0.0597    13.0987     7.1806
    0.0800    30.0440    12.4336
    0.1840   404.3112   128.4565
    0.1831   625.0199   196.8762
    0.2797   774.8440   243.3216
    0.1759   371.5130   118.2890
    0.0748     5.6456     4.8701
    0.0221     3.4533     4.1905
    0.0864     9.6674     6.1169
    0.1447    95.4459    32.7082
    0.0439    14.8334     7.7183
    0.0599    19.0273     9.0185
    0.1298    44.9973    17.0692
    0.2234   750.6039   235.8072
    0.2264   633.8260   199.6061
    0.1758   490.1605   155.0698
    0.0588    43.6939    16.6651
    0.0230     4.9060     4.6409
    0.0518     8.1108     5.6343
    0.1334   167.6243    55.0835
    0.0720   201.8464    65.6924
    0.0245    19.4371     9.1455
    0.0655    72.3651    25.5532
    0.2224   640.6841   201.7321
    0.2051   617.1844   194.4472
    0.0000     0.0000     3.1200
    0.0000     0.0000     3.1200
    0.1039    53.7724    19.7894
    0.0456    12.7220     7.0638
    0.0348     8.5911     5.7832
    0.1572   272.6004    87.6261
    0.0745    34.6754    13.8694
    0.0437    47.2733    17.7747
    0.0000     0.0000     3.1200
    0.0000     0.0000     3.1200
    0.0000     0.0000     3.1200
    0.0000     0.0000     3.1200
    0.0000     0.0000     3.1200
    0.0000     0.0000     3.1200
    0.0000     0.0000     3.1200
    0.0000     0.0000     3.1200
    0.0000     0.0000     3.1200
    0.0000     0.0000     3.1200
    0.0700    17.9870     8.6960
    0.0907    44.1228    16.7981
    0.0722    74.6996    26.2769
    0.0000     0.0000     3.1200
    0.0000     0.0000     3.1200
    0.0000     0.0000     3.1200
    0.0000     0.0000     3.1200
    0.0000     0.0000     3.1200
    0.1468   111.8047    37.7795
    0.1069    83.7103    29.0702
    0.0948    27.0167    11.4952
    0.0482    14.5077     7.6174
    0.0358    21.0821     9.6555
    0.0000     0.0000     3.1200
    0.0000     0.0000     3.1200
    0.0000     0.0000     3.1200
    0.0000     0.0000     3.1200
    0.1079   152.3173    50.3384
    0.1689   217.2103    70.4552
    0.1507   111.4565    37.6715
    0.1442   101.7628    34.6665
    0.0621    15.6183     7.9617
    0.0326     6.4227     5.1110
    0.0000     0.0000     3.1200
    0.0000     0.0000     3.1200
    0.0000     0.0000     3.1200
    0.1424   150.5913    49.8033
    0.1199   189.3337    61.8134
    0.1485   179.4121    58.7378
    0.1560   181.0899    59.2579
    0.1413    86.1350    29.8218
    0.0684    19.9509     9.3048
    0.0324     3.1912     4.1093
    0.0000     0.0000     3.1200
    0.0000     0.0000     3.1200
    0.1012    52.5280    19.4037
    0.1157   118.8785    39.9723
    0.1121    99.1822    33.8665
    0.0837   101.5635    34.6047
    0.0568    41.2073    15.8943
    0.0977    60.9942    22.0282
    0.0642    18.3868     8.8199
    0.0299     3.6195     4.2420
    0.0000     0.0000     3.1200
    0.0000     0.0000     3.1200
    0.0776    14.8554     7.7252
    0.0367    26.8708    11.4499
    0.0408    11.2831     6.6178
    0.0621    33.1186    13.3868
    0.0746    36.1409    14.3237
    0.1004    70.4988    24.9746
    0.0996    24.4555    10.7012
    0.0357     3.7006     4.2672
    0.0000     0.0000     3.1200
    0.0000     0.0000     3.1200
    0.0514    13.8419     7.4110
    0.0257     3.4304     4.1834
    0.0363     8.0657     5.6204
    0.0261     6.0562     4.9974
    0.0520    10.5898     6.4028
    0.0880    81.5006    28.3852
    0.0806    23.6948    10.4654
    0.0577    12.4379     6.9757
    0.0000     0.0000     3.1200
    0.0647    34.3627    13.7724
    0.0762    14.0578     7.4779
    0.0240     6.7754     5.2204
    0.0331     7.3554     5.4002
    0.0400    16.7600     8.3156
    0.0170     0.8998     3.3989
    0.0424    14.9441     7.7527
    0.0742    25.0790    10.8945
    0.0975    13.2910     7.2402
    0.0000     0.0000     3.1200
    0.0479    17.6947     8.6054
    0.0470    14.6517     7.6620
    0.0719    25.5989    11.0557
    0.0501    15.8690     8.0394
    0.0620    13.6920     7.3645
    0.0284     7.0707     5.3119
    0.0407    10.8236     6.4753
    0.0377     6.2996     5.0729
    0.0469     8.4752     5.7473
    0.0000     0.0000     3.1200
    0.0321     5.5417     4.8379
    0.0353    12.1533     6.8875
    0.0812    32.9435    13.3325
    0.0493    19.3271     9.1114
    0.0272     3.5085     4.2076
    0.0335     3.2797     4.1367
    0.0735    11.5813     6.7102
    0.0648     6.5054     5.1367
    0.0842    31.2779    12.8161
    0.0000     0.0000     3.1200
    0.0805    55.0593    20.1884
    0.0475    26.7062    11.3989
    0.0980    98.1600    33.5496
    0.0900    71.8027    25.3788
    0.0362    12.8742     7.1110
    0.0468     8.2538     5.6787
    0.1224    59.0383    21.4219
    0.0897    34.8597    13.9265
    0.0879    12.3046     6.9344
    0.0651    30.0806    12.4450
    0.0766    18.4164     8.8291
    0.0877    28.2179    11.8675
    0.1438   141.2900    46.9199
    0.1076   108.6749    36.8092
    0.0697    25.5807    11.0500
    0.0453    13.5588     7.3232
    0.0728    17.5113     8.5485
    0.0657    20.6645     9.5260
    0.0430     4.7648     4.5971
    0.0983    13.3116     7.2466
    0.0473     3.3767     4.1668
    0.0411     2.5921     3.9236
    0.0813    20.2332     9.3923
    0.0967    35.8316    14.2278
    0.0504    30.3959    12.5427
    0.1044    52.8508    19.5037
    0.0860    51.1633    18.9806
    0.0958    25.3635    10.9827
    0.0000     0.0000     3.1200
    0.0000     0.0000     3.1200
    0.0417     5.7242     4.8945
    0.0747    18.4498     8.8394
    0.1571    92.5846    31.8212
    0.0938    26.3631    11.2926
    0.0683    54.6687    20.0673
    0.1322    87.7635    30.3267
    0.0000     0.0000     3.1200
    0.0000     0.0000     3.1200
    0.0000     0.0000     3.1200
    0.0000     0.0000     3.1200
    0.0000     0.0000     3.1200
    0.0000     0.0000     3.1200
    0.0000     0.0000     3.1200
    0.0000     0.0000     3.1200
    0.0000     0.0000     3.1200
    0.0000     0.0000     3.1200
    0.0000     0.0000     3.1200
    0.0000     0.0000     3.1200
    0.0000     0.0000     3.1200
    0.0000     0.0000     3.1200
    0.0000     0.0000     3.1200
    0.0000     0.0000     3.1200
    0.0000     0.0000     3.1200
    0.0000     0.0000     3.1200
    0.0000     0.0000     3.1200
    0.0000     0.0000     3.1200
    0.2192   654.6118   206.0497
    0.2231   736.9561   231.5764
    0.2054   470.7726   149.0595
    0.0000     0.0000     3.1200
    0.0000     0.0000     3.1200
    0.0000     0.0000     3.1200
    0.0000     0.0000     3.1200
    0.0000     0.0000     3.1200
    0.1037   402.6353   127.9370
    0.1784   617.6126   194.5799
    0.1833   718.7443   225.9307
    0.2274   680.0778   213.9441
    0.1768   335.5974   107.1552
    0.0000     0.0000     3.1200
    0.0000     0.0000     3.1200
    0.0000     0.0000     3.1200
    0.0000     0.0000     3.1200
    0.1592   608.6898   191.8138
    0.1753   286.2732    91.8647
    0.1177   141.2192    46.8980
    0.1338   307.9998    98.6000
    0.2266   609.3911   192.0312
    0.2280   646.9302   203.6684
    0.0000     0.0000     3.1200
    0.0000     0.0000     3.1200
    0.0000     0.0000     3.1200
    0.1776   399.3224   126.9099
    0.2213   170.5432    55.9884
    0.2047   405.5676   128.8460
    0.1122   318.1740   101.7539
    0.0795   142.3396    47.2453
    0.1951   261.2555    84.1092
    0.1804   452.3238   143.3404
    0.0000     0.0000     3.1200
    0.0000     0.0000     3.1200
    0.0000     0.0000     3.1200
    0.1472   363.7853   115.8934
    0.2024   428.7970   136.0471
    0.1948   373.9022   119.0297
    0.2007   194.5750    63.4382
    0.0926    77.4745    27.1371
    0.1298   230.7284    74.6458
    0.2075   230.0617    74.4391
    0.0000     0.0000     3.1200
    0.0000     0.0000     3.1200
    0.1145    43.2666    16.5327
    0.0763    73.9168    26.0342
    0.1081   129.8803    43.3829
    0.1430   201.3376    65.5347
    0.2208   195.1891    63.6286
    0.1757   111.0913    37.5583
    0.1169    59.3697    21.5246
    0.2221   296.1133    94.9151
    0.0000     0.0000     3.1200
    0.0000     0.0000     3.1200
    0.0590    36.8884    14.5554
    0.0832    81.2746    28.3151
    0.1205   125.6568    42.0736
    0.2084   145.8984    48.3485
    0.2138   313.2214   100.2186
    0.1768   531.9628   168.0285
    0.1918   476.4641   150.8239
    0.1605    61.8357    22.2891
    0.0000     0.0000     3.1200
    0.1713   398.5988   126.6856
    0.0982    55.1795    20.2256
    0.0413    31.1022    12.7617
    0.0804    50.1325    18.6611
    0.0964   170.1281    55.8597
    0.1449   154.9001    51.1390
    0.1731   425.6560   135.0733
    0.1713   369.5194   117.6710
    0.2297   550.3600   173.7316
    0.0000     0.0000     3.1200
    0.1674   589.5767   185.8888
    0.1691   547.1514   172.7369
    0.0996   103.8485    35.3130
    0.0287    13.6213     7.3426
    0.0295    41.1198    15.8671
    0.1342   168.1149    55.2356
    0.2189   402.7710   127.9790
    0.2162   736.5726   231.4575
    0.2269   303.6000    97.2360
    0.0000     0.0000     3.1200
    0.1871   759.0524   238.4263
    0.2292   770.4874   241.9711
    0.1302   429.6790   136.3205
    0.1206   345.8321   110.3279
    0.0595    41.4668    15.9747
    0.0455    39.9563    15.5064
    0.1481   244.1734    78.8137
    0.1699   266.0397    85.5923
    0.2102   524.3038   165.6542
    0.0000     0.0000     3.1200
    0.1557   545.8842   172.3441
    0.2316   642.3292   202.2420
    0.2310   722.9830   227.2447
    0.1902   592.4876   186.7912
    0.1893   526.2111   166.2454
    0.0836    96.5120    33.0387
    0.1053   216.5285    70.2438
    0.1293   167.6648    55.0961
    0.0804    80.8194    28.1740
    0.0000     0.0000     3.1200
    0.1006   103.9367    35.3404
    0.1957   520.6066   164.5081
    0.2114   620.4180   195.4496
    0.2151   723.6327   227.4461
    0.2235   627.2696   197.5736
    0.2072   508.1512   160.6469
    0.1277   114.6264    38.6542
    0.1307   110.9516    37.5150
    0.0000     0.0000     3.1200
    0.0000     0.0000     3.1200
    0.0000     0.0000     3.1200
    0.0000     0.0000     3.1200
    0.1887   627.6091   197.6788
    0.2152   675.9162   212.6540
    0.1821   591.4716   186.4762
    0.2389   802.3105   251.8363
    0.0000     0.0000     3.1200
    0.0000     0.0000     3.1200
    0.0000     0.0000     3.1200
    0.0000     0.0000     3.1200
    0.0000     0.0000     3.1200
    0.0000     0.0000     3.1200
    0.0000     0.0000     3.1200
    0.0000     0.0000     3.1200
    0.0000     0.0000     3.1200
    0.0000     0.0000     3.1200
    0.0000     0.0000     3.1200
    0.0000     0.0000     3.1200
    0.0000     0.0000     3.1200
    0.0000     0.0000     3.1200
    0.0000     0.0000     3.1200
    0.0000     0.0000     3.1200
    0.0000     0.0000     3.1200
    0.0000     0.0000     3.1200
    0.0000     0.0000     3.1200
    0.0000     0.0000     3.1200
    0.1130    49.0162    18.3150
    0.1429    35.7422    14.2001
    0.0936    66.0715    23.6022
    0.0000     0.0000     3.1200
    0.0000     0.0000     3.1200
    0.0000     0.0000     3.1200
    0.0000     0.0000     3.1200
    0.0000     0.0000     3.1200
    0.1358   154.2775    50.9460
    0.1711   356.7363   113.7083
    0.1452   363.9549   115.9460
    0.1450   155.6503    51.3716
    0.1430   179.8241    58.8655
    0.0000     0.0000     3.1200
    0.0000     0.0000     3.1200
    0.0000     0.0000     3.1200
    0.0000     0.0000     3.1200
    0.0958    38.5816    15.0803
    0.1120    82.2956    28.6317
    0.1714   357.8375   114.0496
    0.1763   437.9755   138.8924
    0.2064   535.2283   169.0408
    0.1298   158.8501    52.3635
    0.0000     0.0000     3.1200
    0.0000     0.0000     3.1200
    0.0000     0.0000     3.1200
    0.0174     2.1268     3.7793
    0.0508    16.4282     8.2127
    0.1030    23.5785    10.4293
    0.1729   322.7401   103.1694
    0.2137   581.2725   183.3145
    0.1583   453.0044   143.5514
    0.1729   230.4704    74.5658
    0.0000     0.0000     3.1200
    0.0000     0.0000     3.1200
    0.0000     0.0000     3.1200
    0.0399     4.3090     4.4558
    0.0522     4.1285     4.3998
    0.0851    78.8043    27.5493
    0.1941   259.6294    83.6051
    0.1993   241.5257    77.9930
    0.1299   147.5270    48.8534
    0.1327   271.5676    87.3059
    0.0000     0.0000     3.1200
    0.0000     0.0000     3.1200
    0.0591     1.5141     3.5894
    0.0496     3.2777     4.1361
    0.0979   117.8082    39.6405
    0.1647   144.1975    47.8212
    0.1516   177.4083    58.1166
    0.0574    27.8731    11.7607
    0.0607    55.4097    20.2970
    0.1308    42.6844    16.3522
    0.0000     0.0000     3.1200
    0.0000     0.0000     3.1200
    0.1119     8.3933     5.7219
    0.0626    24.3907    10.6811
    0.1405   244.9336    79.0494
    0.1273   116.8357    39.3391
    0.1010    25.8189    11.1239
    0.0325    23.8498    10.5134
    0.1027    42.7847    16.3832
    0.1201    55.9402    20.4615
    0.0000     0.0000     3.1200
    0.0583    31.2229    12.7991
    0.0752    16.4621     8.2233
    0.1211   109.2677    36.9930
    0.1409   251.7919    81.1755
    0.1217   256.0097    82.4830
    0.0831    23.6593    10.4544
    0.0843    54.3811    19.9782
    0.0700    63.0492    22.6653
    0.1191   176.9797    57.9837
    0.0000     0.0000     3.1200
    0.0537    21.1001     9.6610
    0.0896    32.3360    13.1442
    0.1958   143.1387    47.4930
    0.1656   284.6657    91.3664
    0.1357   234.9247    75.9466
    0.1134    18.7009     8.9173
    0.1051    45.6655    17.2763
    0.1100   129.7433    43.3404
    0.2206   500.7292   158.3461
    0.0000     0.0000     3.1200
    0.0253    15.2952     7.8615
    0.0966    16.2012     8.1424
    0.1804   312.3791    99.9575
    0.1603   480.7336   152.1474
    0.1101   154.1276    50.8996
    0.0933    43.1875    16.5081
    0.1184   108.0273    36.6085
    0.1609   389.1798   123.7658
    0.2048   415.7730   132.0096
    0.0000     0.0000     3.1200
    0.0432     5.2464     4.7464
    0.0861     8.2480     5.6769
    0.1427    91.2405    31.4045
    0.1500   256.8003    82.7281
    0.1106   157.0802    51.8149
    0.1367   154.3445    50.9668
    0.1843   438.3238   139.0004
    0.1756   428.1557   135.8483
    0.1376   234.3062    75.7549
    0.0000     0.0000     3.1200
    0.0232     2.1180     3.7766
    0.0397     6.6972     5.1961
    0.1302    55.4608    20.3129
    0.1545   100.5465    34.2894
    0.1255   148.4898    49.1518
    0.1338   220.1566    71.3686
    0.1233   364.0557   115.9773
    0.1084   153.7489    50.7822
    0.0000     0.0000     3.1200
    0.0000     0.0000     3.1200
    0.0000     0.0000     3.1200
    0.0000     0.0000     3.1200
    0.1240    22.7521    10.1731
    0.0857    24.7746    10.8001
    0.0908    31.6621    12.9352
    0.1308   126.6719    42.3883
    0.0000     0.0000     3.1200
    0.0000     0.0000     3.1200
    0.0000     0.0000     3.1200
    0.0000     0.0000     3.1200
    0.0000     0.0000     3.1200
    0.0000     0.0000     3.1200
    0.0000     0.0000     3.1200
    0.0000     0.0000     3.1200
    0.0000     0.0000     3.1200
    0.0000     0.0000     3.1200
    0.0000     0.0000     3.1200
    0.0000     0.0000     3.1200
    0.0000     0.0000     3.1200
    0.0000     0.0000     3.1200
    0.0000     0.0000     3.1200
    0.0000     0.0000     3.1200
    0.0000     0.0000     3.1200
    0.0000     0.0000     3.1200
    0.0000     0.0000     3.1200
    0.0000     0.0000     3.1200
    0.0172     7.8481     5.5529
    0.0835    41.4240    15.9614
    0.0787   388.3237   123.5004
    0.0000     0.0000     3.1200
    0.0000     0.0000     3.1200
    0.0000     0.0000     3.1200
    0.0000     0.0000     3.1200
    0.0000     0.0000     3.1200
    0.1649   221.8335    71.8884
    0.1575    17.0018     8.3906
    0.0528     6.3782     5.0972
    0.0425    16.3052     8.1746
    0.1168    61.2940    22.1211
    0.0000     0.0000     3.1200
    0.0000     0.0000     3.1200
    0.0000     0.0000     3.1200
    0.0000     0.0000     3.1200
    0.1960   610.5417   192.3879
    0.2053   680.0606   213.9388
    0.1979   273.9382    88.0408
    0.0843    23.5047    10.4065
    0.0722    32.4454    13.1781
    0.0703    20.2177     9.3875
    0.0000     0.0000     3.1200
    0.0000     0.0000     3.1200
    0.0000     0.0000     3.1200
    0.2285   607.4582   191.4320
    0.2133   742.8203   233.3943
    0.1774   585.5989   184.6557
    0.2507   427.3606   135.6018
    0.2042   158.8314    52.3577
    0.1028    67.2101    23.9551
    0.0903   368.0801   117.2248
    0.0000     0.0000     3.1200
    0.0000     0.0000     3.1200
    0.0000     0.0000     3.1200
    0.1813   697.7372   219.4185
    0.2087   606.3193   191.0790
    0.2280   655.4895   206.3217
    0.2112   562.1886   177.3985
    0.2294   739.1252   232.2488
    0.1754   173.0023    56.7507
    0.1010   190.8430    62.2813
    0.0000     0.0000     3.1200
    0.0000     0.0000     3.1200
    0.1567   536.5499   169.4505
    0.1311   430.1806   136.4760
    0.1442   196.2383    63.9539
    0.1477   236.4186    76.4098
    0.2190   579.7969   182.8571
    0.1802   646.1568   203.4286
    0.1914   639.5516   201.3810
    0.2222   581.7630   183.4665
    0.0000     0.0000     3.1200
    0.0000     0.0000     3.1200
    0.1709   562.7607   177.5758
    0.1880   596.2524   187.9582
    0.1136   683.8101   215.1011
    0.0592   207.0176    67.2955
    0.1216   380.8010   121.1683
    0.1848   681.2999   214.3230
    0.1991   553.7361   174.7782
    0.1950   752.5957   236.4247
    0.0000     0.0000     3.1200
    0.1713   718.9922   226.0076
    0.1946   634.1111   199.6945
    0.2489   637.0085   200.5927
    0.2390   717.6018   225.5766
    0.1539   542.5211   171.3015
    0.1138   142.0897    47.1678
    0.0584   110.8486    37.4831
    0.0751   367.9167   117.1742
    0.1117   347.5779   110.8692
    0.0000     0.0000     3.1200
    0.2029   363.2014   115.7124
    0.2309   520.6231   164.5132
    0.2439   519.3548   164.1200
    0.2430   769.2625   241.5914
    0.2330   691.8949   217.6074
    0.1761   498.8007   157.7482
    0.1310   350.5225   111.7820
    0.1424    94.2460    32.3363
    0.1034   327.8370   104.7495
    0.0000     0.0000     3.1200
    0.0637    23.5120    10.4087
    0.0486    36.4832    14.4298
    0.1528    57.9874    21.0961
    0.2598   598.8563   188.7655
    0.2091   748.8048   235.2495
    0.2212   654.0186   205.8658
    0.1995   723.8238   227.5054
    0.2298   743.3473   233.5577
    0.1790   273.2718    87.8342
    0.0000     0.0000     3.1200
    0.0766   132.4713    44.1861
    0.0655    38.1717    14.9532
    0.0899    22.4921    10.0925
    0.1567   182.4095    59.6669
    0.1728   451.6228   143.1231
    0.2378   734.5443   230.8287
    0.1833   748.5964   235.1849
    0.2068   686.0506   215.7957
    0.2143   702.6634   220.9456
    0.0000     0.0000     3.1200
    0.1556   190.5108    62.1783
    0.1166   163.5393    53.8172
    0.1199   170.1736    55.8738
    0.1207   105.4353    35.8049
    0.1615   179.4270    58.7424
    0.1942   510.6836   161.4319
    0.1584   415.2257   131.8400
    0.2049   700.4763   220.2677
    0.0000     0.0000     3.1200
    0.0000     0.0000     3.1200
    0.0000     0.0000     3.1200
    0.0000     0.0000     3.1200
    0.0993   379.8464   120.8724
    0.1766   380.5640   121.0948
    0.1696   388.3951   123.5225
    0.1744   627.8660   197.7585
    0.0000     0.0000     3.1200
    0.0000     0.0000     3.1200
    0.0000     0.0000     3.1200
 PIOR MODELO - COMPLEX          704
 Funcao Objeto =   8.8999816E-04
    0.0000     0.0000     3.1200
    0.0000     0.0000     3.1200
    0.0000     0.0000     3.1200
    0.0000     0.0000     3.1200
    0.0000     0.0000     3.1200
    0.0000     0.0000     3.1200
    0.0000     0.0000     3.1200
    0.1860   695.1357   218.6121
    0.1630    76.7955    26.9266
    0.0657    16.5829     8.2607
    0.0000     0.0000     3.1200
    0.0000     0.0000     3.1200
    0.0000     0.0000     3.1200
    0.0000     0.0000     3.1200
    0.0000     0.0000     3.1200
    0.0433     7.9822     5.5945
    0.1446   324.1025   103.5918
    0.1814   779.4957   244.7637
    0.1684   619.6554   195.2132
    0.0861    29.7960    12.3567
    0.0000     0.0000     3.1200
    0.0000     0.0000     3.1200
    0.0000     0.0000     3.1200
    0.0000     0.0000     3.1200
    0.1547   156.2558    51.5593
    0.1263    14.7217     7.6837
    0.0946   302.6779    96.9501
    0.1794   505.3212   159.7696
    0.1752   727.3220   228.5898
    0.1946    60.6733    21.9287
    0.0000     0.0000     3.1200
    0.0000     0.0000     3.1200
    0.0000     0.0000     3.1200
    0.1969   689.7844   216.9532
    0.1811   508.1312   160.6407
    0.2138    26.7032    11.3980
    0.0809    26.0505    11.1956
    0.1647   305.1208    97.7075
    0.2010   646.4469   203.5185
    0.1514   366.7060   116.7989
    0.0000     0.0000     3.1200
    0.0000     0.0000     3.1200
    0.1731   659.2424   207.4852
    0.2212   619.9648   195.3091
    0.1657   684.5082   215.3175
    0.2305   285.2790    91.5565
    0.0940    19.3774     9.1270
    0.0603   108.3620    36.7122
    0.2176   638.4437   201.0376
    0.2181   592.1205   186.6774
    0.0000     0.0000     3.1200
    0.0000     0.0000     3.1200
    0.2078   689.1957   216.7707
    0.2190   678.2919   213.3905
    0.2213   586.6299   184.9753
    0.1515   326.6653   104.3862
    0.1616    85.4271    29.6024
    0.0925    29.6877    12.3232
    0.1608   582.3735   183.6558
    0.1670   705.7828   221.9127
    0.0000     0.0000     3.1200
    0.0000     0.0000     3.1200
    0.1858   533.3278   168.4516
    0.1680   702.1532   220.7875
    0.2101   655.7412   206.3998
    0.1275   406.6782   129.1902
    0.1157   254.0905    81.8881
    0.1496    23.7568    10.4846
    0.1420   470.2875   148.9091
    0.1712   465.2322   147.3420
    0.0000     0.0000     3.1200
    0.0190     9.5582     6.0830
    0.0733    96.5401    33.0474
    0.1841   264.5025    85.1158
    0.1834   710.1981   223.2814
    0.2223   768.2356   241.2730
    0.1145   325.9902   104.1770
    0.1201    36.0310    14.2896
    0.0902    95.6823    32.7815
    0.2010   610.6748   192.4292
    0.0000     0.0000     3.1200
    0.0143     4.5812     4.5402
    0.0551    10.9759     6.5225
    0.0580    89.9374    31.0006
    0.1704   245.1698    79.1227
    0.1798   611.0838   192.5560
    0.2235   553.8948   174.8274
    0.1538   454.0720   143.8823
    0.0990    58.1022    21.1317
    0.1890   295.5818    94.7504
    0.0000     0.0000     3.1200
    0.0476     6.9467     5.2735
    0.0343     8.7543     5.8338
    0.0447     4.1731     4.4137
    0.0810    56.8381    20.7398
    0.1722   148.3412    49.1058
    0.1977   558.0414   176.1129
    0.1783   597.2238   188.2594
    0.1593   293.6409    94.1487
    0.1658   208.5187    67.7608
    0.0000     0.0000     3.1200
    0.0297     3.5420     4.2180
    0.0914    20.2662     9.4025
    0.0941    17.4316     8.5238
    0.0598    13.1103     7.1842
    0.0619    23.5317    10.4148
    0.1736   351.9868   112.2359
    0.1852   703.6388   221.2480
    0.2798   768.7612   241.4360
    0.2103   297.1105    95.2243
    0.0677     6.7029     5.1979
    0.0212     4.9348     4.6498
    0.0778     8.0469     5.6145
    0.1899    89.5787    30.8894
    0.0467    14.6627     7.6654
    0.0596    18.9858     9.0056
    0.1457    58.5369    21.2664
    0.2064   792.9774   248.9430
    0.1702   657.9382   207.0809
    0.1975   524.8889   165.8355
    0.0638    30.2496    12.4974
    0.0211     5.7105     4.8902
    0.0544     8.1672     5.6518
    0.1133   185.4134    60.5982
    0.0665   159.9364    52.7003
    0.0251    19.6461     9.2103
    0.0718    85.8690    29.7394
    0.2129   577.3991   182.1137
    0.2160   645.1282   203.1097
    0.0000     0.0000     3.1200
    0.0000     0.0000     3.1200
    0.0900    46.2560    17.4594
    0.0482    11.1739     6.5839
    0.0378     8.5970     5.7851
    0.1549   249.6093    80.4989
    0.0782    35.4237    14.1013
    0.0431    35.0961    13.9998
    0.0000     0.0000     3.1200
    0.0000     0.0000     3.1200
    0.0000     0.0000     3.1200
    0.0000     0.0000     3.1200
    0.0000     0.0000     3.1200
    0.0000     0.0000     3.1200
    0.0000     0.0000     3.1200
    0.0000     0.0000     3.1200
    0.0000     0.0000     3.1200
    0.0000     0.0000     3.1200
    0.0779    22.3516    10.0490
    0.0917    45.8891    17.3456
    0.0769    84.1276    29.1996
    0.0000     0.0000     3.1200
    0.0000     0.0000     3.1200
    0.0000     0.0000     3.1200
    0.0000     0.0000     3.1200
    0.0000     0.0000     3.1200
    0.1016   134.3607    44.7718
    0.0910    76.1674    26.7319
    0.0735    36.5535    14.4516
    0.0513    14.0715     7.4822
    0.0392    19.2857     9.0986
    0.0000     0.0000     3.1200
    0.0000     0.0000     3.1200
    0.0000     0.0000     3.1200
    0.0000     0.0000     3.1200
    0.1143   203.3814    66.1682
    0.1460   217.2267    70.4603
    0.1586   103.7133    35.2711
    0.1460    78.9212    27.5856
    0.0649    14.6419     7.6590
    0.0303     6.6045     5.1674
    0.0000     0.0000     3.1200
    0.0000     0.0000     3.1200
    0.0000     0.0000     3.1200
    0.1330   150.0120    49.6237
    0.1436   177.3366    58.0943
    0.1144   178.8475    58.5627
    0.1457   139.8406    46.4706
    0.1137   114.4388    38.5960
    0.0572    16.3942     8.2022
    0.0333     3.0387     4.0620
    0.0000     0.0000     3.1200
    0.0000     0.0000     3.1200
    0.0833    58.5131    21.2591
    0.1066    95.7263    32.7952
    0.1201   116.6619    39.2852
    0.0784   114.0255    38.4679
    0.0704    37.4295    14.7232
    0.0916    65.2785    23.3563
    0.0855    13.8742     7.4210
    0.0282     3.7395     4.2792
    0.0000     0.0000     3.1200
    0.0000     0.0000     3.1200
    0.0700    13.1551     7.1981
    0.0288    34.0178    13.6655
    0.0469    11.7766     6.7708
    0.0715    35.0007    13.9702
    0.0977    39.9907    15.5171
    0.1008    69.8233    24.7652
    0.1005    24.3921    10.6815
    0.0287     3.6454     4.2501
    0.0000     0.0000     3.1200
    0.0000     0.0000     3.1200
    0.0534    11.8969     6.8080
    0.0198     4.2616     4.4411
    0.0358     8.9586     5.8972
    0.0322     7.1213     5.3276
    0.0380     8.0527     5.6163
    0.0995    65.4046    23.3954
    0.0650    34.1923    13.7196
    0.0449    14.1697     7.5126
    0.0000     0.0000     3.1200
    0.0477    33.6964    13.5659
    0.0834    12.4435     6.9775
    0.0242     7.4516     5.4300
    0.0256     5.0138     4.6743
    0.0285    12.0122     6.8438
    0.0164     1.1054     3.4627
    0.0302    12.2082     6.9045
    0.0717    30.3978    12.5433
    0.0755    16.6977     8.2963
    0.0000     0.0000     3.1200
    0.0480    18.6103     8.8892
    0.0344    16.0808     8.1051
    0.0640    23.4203    10.3803
    0.0497    15.7468     8.0015
    0.0745    15.9480     8.0639
    0.0376     7.1803     5.3459
    0.0384    10.5304     6.3844
    0.0389     6.8260     5.2361
    0.0456     7.0321     5.2999
    0.0000     0.0000     3.1200
    0.0282     4.1530     4.4074
    0.0403    17.6269     8.5843
    0.0643    46.8593    17.6464
    0.0537    22.5048    10.0965
    0.0289     4.6434     4.5595
    0.0441     3.2874     4.1391
    0.1025    14.5835     7.6409
    0.0812     7.6961     5.5058
    0.0764    27.4582    11.6321
    0.0000     0.0000     3.1200
    0.0900    40.8662    15.7885
    0.0590    24.2037    10.6231
    0.1112    68.2344    24.2727
    0.0897    71.8369    25.3894
    0.0398    13.3779     7.2672
    0.0548    10.2428     6.2953
    0.0864    59.4185    21.5397
    0.0895    35.0118    13.9737
    0.1150    12.7551     7.0741
    0.0743    29.2496    12.1874
    0.0872    18.0447     8.7139
    0.1098    24.3641    10.6729
    0.1071   140.0612    46.5390
    0.0857    90.6787    31.2304
    0.0697    25.8626    11.1374
    0.0613    13.1410     7.1937
    0.0794    19.1659     9.0614
    0.0643    22.6420    10.1390
    0.0491     4.3149     4.4576
    0.0767    13.4300     7.2833
    0.0410     3.3209     4.1495
    0.0395     2.4768     3.8878
    0.0716    16.6247     8.2737
    0.0890    49.5915    18.4934
    0.0688    32.0311    13.0497
    0.0890    61.8272    22.2864
    0.0976    55.6761    20.3796
    0.1017    31.9456    13.0231
    0.0000     0.0000     3.1200
    0.0000     0.0000     3.1200
    0.0385     5.7585     4.9051
    0.0605    19.6723     9.2184
    0.1371    87.4210    30.2205
    0.0996    24.4818    10.7094
    0.0817    48.3679    18.1140
    0.1620    92.8053    31.8897
    0.0000     0.0000     3.1200
    0.0000     0.0000     3.1200
    0.0000     0.0000     3.1200
    0.0000     0.0000     3.1200
    0.0000     0.0000     3.1200
    0.0000     0.0000     3.1200
    0.0000     0.0000     3.1200
    0.0000     0.0000     3.1200
    0.0000     0.0000     3.1200
    0.0000     0.0000     3.1200
    0.0000     0.0000     3.1200
    0.0000     0.0000     3.1200
    0.0000     0.0000     3.1200
    0.0000     0.0000     3.1200
    0.0000     0.0000     3.1200
    0.0000     0.0000     3.1200
    0.0000     0.0000     3.1200
    0.0000     0.0000     3.1200
    0.0000     0.0000     3.1200
    0.0000     0.0000     3.1200
    0.1984   768.4923   241.3526
    0.2399   721.2371   226.7035
    0.2326   337.4518   107.7301
    0.0000     0.0000     3.1200
    0.0000     0.0000     3.1200
    0.0000     0.0000     3.1200
    0.0000     0.0000     3.1200
    0.0000     0.0000     3.1200
    0.0999   483.1553   152.8981
    0.2330   573.2017   180.8125
    0.2238   741.4500   232.9695
    0.2110   580.6156   183.1108
    0.2178   394.8785   125.5323
    0.0000     0.0000     3.1200
    0.0000     0.0000     3.1200
    0.0000     0.0000     3.1200
    0.0000     0.0000     3.1200
    0.1470   405.3440   128.7766
    0.1463   278.5941    89.4842
    0.1432   156.9731    51.7817
    0.1212   418.8426   132.9612
    0.1805   733.4645   230.4940
    0.2314   758.4017   238.2245
    0.0000     0.0000     3.1200
    0.0000     0.0000     3.1200
    0.0000     0.0000     3.1200
    0.1865   519.3914   164.1313
    0.1717   163.8224    53.9050
    0.2121   447.2647   141.7721
    0.1034   311.5070    99.6872
    0.1053   149.3831    49.4288
    0.1694   202.0145    65.7445
    0.1671   430.9477   136.7138
    0.0000     0.0000     3.1200
    0.0000     0.0000     3.1200
    0.0000     0.0000     3.1200
    0.1242   416.3917   132.2014
    0.2289   318.9491   101.9942
    0.1679   319.1169   102.0462
    0.1624   216.9720    70.3813
    0.0933    77.1377    27.0327
    0.1301   230.6151    74.6107
    0.2272   205.7913    66.9153
    0.0000     0.0000     3.1200
    0.0000     0.0000     3.1200
    0.1101    36.2204    14.3483
    0.0858    54.2503    19.9376
    0.1306   141.0282    46.8387
    0.2041   165.2930    54.3608
    0.1535   169.3187    55.6088
    0.2195   103.9446    35.3428
    0.1332    58.7255    21.3249
    0.2149   279.7221    89.8339
    0.0000     0.0000     3.1200
    0.0000     0.0000     3.1200
    0.0576    46.6519    17.5821
    0.1101    87.8203    30.3443
    0.1383   102.8298    34.9972
    0.1506   156.8367    51.7394
    0.1910   308.1622    98.6503
    0.1818   672.1954   211.5006
    0.1749   338.6686   108.1073
    0.1433    82.8360    28.7992
    0.0000     0.0000     3.1200
    0.1700   482.5392   152.7071
    0.0803    52.8236    19.4953
    0.0371    24.5634    10.7346
    0.0794    49.9245    18.5966
    0.1043   140.9382    46.8108
    0.1354   193.4349    63.0848
    0.1693   436.6720   138.4883
    0.2171   293.4669    94.0947
    0.2170   651.0453   204.9440
    0.0000     0.0000     3.1200
    0.2312   709.0544   222.9269
    0.1750   411.2979   130.6224
    0.1093   149.7640    49.5468
    0.0333    12.8516     7.1040
    0.0386    47.8005    17.9381
    0.1066   168.1204    55.2373
    0.1605   287.3677    92.2040
    0.2257   520.1481   164.3659
    0.1687   330.4819   105.5694
    0.0000     0.0000     3.1200
    0.1931   706.0435   221.9935
    0.2211   618.9852   195.0054
    0.1682   338.6671   108.1068
    0.1197   344.5435   109.9285
    0.0570    45.2508    17.1478
    0.0422    54.1042    19.8923
    0.1071   237.2134    76.6562
    0.1713   266.1733    85.6337
    0.2004   461.6718   146.2383
    0.0000     0.0000     3.1200
    0.1468   468.1446   148.2448
    0.2360   657.7788   207.0314
    0.2229   646.7474   203.6117
    0.1592   613.3447   193.2569
    0.1893   528.6373   166.9976
    0.1183   100.0864    34.1468
    0.1112   219.1818    71.0663
    0.1169   165.8615    54.5371
    0.0840    93.3824    32.0686
    0.0000     0.0000     3.1200
    0.1003   111.4998    37.6849
    0.2244   459.8051   145.6596
    0.2009   626.1418   197.2240
    0.1814   618.1772   194.7549
    0.1874   749.8569   235.5757
    0.1635   444.6532   140.9625
    0.1227   117.5928    39.5738
    0.1379   105.8155    35.9228
    0.0000     0.0000     3.1200
    0.0000     0.0000     3.1200
    0.0000     0.0000     3.1200
    0.0000     0.0000     3.1200
    0.2051   695.3441   218.6767
    0.1726   689.0197   216.7161
    0.2034   588.1246   185.4386
    0.2383   763.2480   239.7269
    0.0000     0.0000     3.1200
    0.0000     0.0000     3.1200
    0.0000     0.0000     3.1200
    0.0000     0.0000     3.1200
    0.0000     0.0000     3.1200
    0.0000     0.0000     3.1200
    0.0000     0.0000     3.1200
    0.0000     0.0000     3.1200
    0.0000     0.0000     3.1200
    0.0000     0.0000     3.1200
    0.0000     0.0000     3.1200
    0.0000     0.0000     3.1200
    0.0000     0.0000     3.1200
    0.0000     0.0000     3.1200
    0.0000     0.0000     3.1200
    0.0000     0.0000     3.1200
    0.0000     0.0000     3.1200
    0.0000     0.0000     3.1200
    0.0000     0.0000     3.1200
    0.0000     0.0000     3.1200
    0.1513    36.6936    14.4950
    0.1072    30.2986    12.5126
    0.0984    59.6785    21.6203
    0.0000     0.0000     3.1200
    0.0000     0.0000     3.1200
    0.0000     0.0000     3.1200
    0.0000     0.0000     3.1200
    0.0000     0.0000     3.1200
    0.1709   167.6330    55.0862
    0.1321   398.2496   126.5774
    0.1519   446.1503   141.4266
    0.1174   201.0927    65.4587
    0.1080   160.6499    52.9215
    0.0000     0.0000     3.1200
    0.0000     0.0000     3.1200
    0.0000     0.0000     3.1200
    0.0000     0.0000     3.1200
    0.0714    38.1632    14.9506
    0.1197    81.8187    28.4838
    0.2275   457.2005   144.8522
    0.1879   504.4973   159.5141
    0.1596   380.5931   121.1039
    0.1465   126.3902    42.3010
    0.0000     0.0000     3.1200
    0.0000     0.0000     3.1200
    0.0000     0.0000     3.1200
    0.0166     2.4252     3.8718
    0.0472    13.2266     7.2203
    0.1186    26.0826    11.2056
    0.1523   341.8469   109.0925
    0.1627   619.6986   195.2266
    0.1916   413.5863   131.3318
    0.1492   247.0334    79.7004
    0.0000     0.0000     3.1200
    0.0000     0.0000     3.1200
    0.0000     0.0000     3.1200
    0.0326     4.0513     4.3759
    0.0501     5.0928     4.6988
    0.0791    68.1696    24.2526
    0.1585   298.1436    95.5445
    0.2012   239.9249    77.4967
    0.1306   147.3648    48.8031
    0.1512   203.8552    66.3151
    0.0000     0.0000     3.1200
    0.0000     0.0000     3.1200
    0.0763     1.8010     3.6783
    0.0352     2.5033     3.8960
    0.1046    82.5873    28.7221
    0.1440   138.4959    46.0537
    0.1365   184.5314    60.3247
    0.0590    38.4798    15.0487
    0.0834    55.2909    20.2602
    0.1228    50.7012    18.8374
    0.0000     0.0000     3.1200
    0.0000     0.0000     3.1200
    0.1169     8.7023     5.8177
    0.0536    20.5692     9.4964
    0.1748   310.4027    99.3448
    0.1171   129.2391    43.1841
    0.0956    28.0432    11.8134
    0.0249    29.0507    12.1257
    0.0927    41.3106    15.9263
    0.0928    43.5309    16.6146
    0.0000     0.0000     3.1200
    0.0489    31.7768    12.9708
    0.0514    17.5263     8.5531
    0.1514    95.4414    32.7068
    0.1400   253.7968    81.7970
    0.1679   177.2570    58.0697
    0.1003    22.0306     9.9495
    0.0844    60.4818    21.8694
    0.0870    58.3575    21.2108
    0.1130   128.3279    42.9016
    0.0000     0.0000     3.1200
    0.0517    16.5446     8.2488
    0.0984    32.3202    13.1392
    0.2010   136.6508    45.4817
    0.1883   353.0454   112.5641
    0.1256   251.9271    81.2174
    0.0827    20.8732     9.5907
    0.1209    39.2204    15.2783
    0.1195   122.3517    41.0490
    0.2226   426.9918   135.4875
    0.0000     0.0000     3.1200
    0.0264    10.5437     6.3886
    0.0798    14.6314     7.6557
    0.1550   344.9999   110.0700
    0.1596   486.0632   153.7996
    0.1386   155.2923    51.2606
    0.1015    41.1211    15.8675
    0.1236    95.6299    32.7653
    0.1593   388.1327   123.4411
    0.2037   352.3793   112.3576
    0.0000     0.0000     3.1200
    0.0436     5.8308     4.9275
    0.0696    10.4569     6.3616
    0.1308    93.3457    32.0572
    0.1551   246.6629    79.5855
    0.1094   156.0170    51.4853
    0.1488   134.0824    44.6855
    0.1532   317.0259   101.3980
    0.1644   389.0966   123.7399
    0.1394   345.0768   110.0938
    0.0000     0.0000     3.1200
    0.0200     2.1157     3.7759
    0.0353     5.6418     4.8690
    0.1337    57.3494    20.8983
    0.1215    87.7482    30.3219
    0.1416   131.8948    44.0074
    0.1734   221.5202    71.7913
    0.1656   306.6589    98.1843
    0.1322   139.4599    46.3526
    0.0000     0.0000     3.1200
    0.0000     0.0000     3.1200
    0.0000     0.0000     3.1200
    0.0000     0.0000     3.1200
    0.1593    21.0075     9.6323
    0.0655    26.6634    11.3856
    0.0852    26.6678    11.3870
    0.0957   103.9723    35.3514
    0.0000     0.0000     3.1200
    0.0000     0.0000     3.1200
    0.0000     0.0000     3.1200
    0.0000     0.0000     3.1200
    0.0000     0.0000     3.1200
    0.0000     0.0000     3.1200
    0.0000     0.0000     3.1200
    0.0000     0.0000     3.1200
    0.0000     0.0000     3.1200
    0.0000     0.0000     3.1200
    0.0000     0.0000     3.1200
    0.0000     0.0000     3.1200
    0.0000     0.0000     3.1200
    0.0000     0.0000     3.1200
    0.0000     0.0000     3.1200
    0.0000     0.0000     3.1200
    0.0000     0.0000     3.1200
    0.0000     0.0000     3.1200
    0.0000     0.0000     3.1200
    0.0000     0.0000     3.1200
    0.0160     6.7124     5.2008
    0.0705    42.1654    16.1913
    0.0830   297.7957    95.4367
    0.0000     0.0000     3.1200
    0.0000     0.0000     3.1200
    0.0000     0.0000     3.1200
    0.0000     0.0000     3.1200
    0.0000     0.0000     3.1200
    0.1826   198.4572    64.6417
    0.2027    20.5181     9.4806
    0.0469     4.7218     4.5837
    0.0421    17.2084     8.4546
    0.1218    62.1160    22.3759
    0.0000     0.0000     3.1200
    0.0000     0.0000     3.1200
    0.0000     0.0000     3.1200
    0.0000     0.0000     3.1200
    0.1857   736.4700   231.4257
    0.2274   699.4047   219.9354
    0.2202   366.8306   116.8375
    0.0894    20.5567     9.4926
    0.0949    34.4744    13.8071
    0.0735    14.4059     7.5858
    0.0000     0.0000     3.1200
    0.0000     0.0000     3.1200
    0.0000     0.0000     3.1200
    0.1910   670.6288   211.0149
    0.2034   641.6588   202.0342
    0.2304   585.1350   184.5119
    0.2092   476.4946   150.8333
    0.1685   170.8144    56.0725
    0.1330    80.0045    27.9214
    0.1218   399.5384   126.9769
    0.0000     0.0000     3.1200
    0.0000     0.0000     3.1200
    0.0000     0.0000     3.1200
    0.1591   614.7139   193.6813
    0.2316   769.0917   241.5384
    0.2033   765.3656   240.3833
    0.2142   536.8645   169.5480
    0.2290   731.8583   229.9961
    0.2059   212.4091    68.9668
    0.1206   154.5514    51.0309
    0.0000     0.0000     3.1200
    0.0000     0.0000     3.1200
    0.2261   621.9564   195.9265
    0.1260   385.2830   122.5577
    0.1402   257.9725    83.0915
    0.1382   176.3719    57.7953
    0.2338   621.4387   195.7660
    0.2155   615.9316   194.0588
    0.2110   692.0900   217.6679
    0.2210   771.7020   242.3476
    0.0000     0.0000     3.1200
    0.0000     0.0000     3.1200
    0.2167   596.1726   187.9335
    0.2474   582.4028   183.6649
    0.1648   573.0865   180.7768
    0.0534   162.9508    53.6348
    0.1427   261.0641    84.0499
    0.1439   737.3975   231.7132
    0.1570   553.7073   174.7693
    0.1828   643.4742   202.5970
    0.0000     0.0000     3.1200
    0.1708   610.2926   192.3107
    0.2183   616.8894   194.3557
    0.2551   661.7142   208.2514
    0.2391   721.6572   226.8337
    0.1479   444.0980   140.7904
    0.1187   177.7305    58.2165
    0.0562    95.7528    32.8034
    0.0716   319.9788   102.3134
    0.1205   411.4352   130.6649
    0.0000     0.0000     3.1200
    0.1753   323.0079   103.2524
    0.2480   507.3949   160.4124
    0.2514   448.5847   142.1812
    0.2001   631.1433   198.7744
    0.1732   682.2776   214.6261
    0.2093   450.8020   142.8686
    0.1459   334.2079   106.7244
    0.1555   102.2343    34.8126
    0.1097   358.3306   114.2025
    0.0000     0.0000     3.1200
    0.0515    22.8117    10.1916
    0.0672    39.7072    15.4292
    0.1266    59.7572    21.6447
    0.2594   592.3026   186.7338
    0.1832   762.5828   239.5207
    0.1783   740.4285   232.6528
    0.2256   782.0284   245.5488
    0.1810   757.3452   237.8970
    0.2192   223.5197    72.4111
    0.0000     0.0000     3.1200
    0.0559    97.2001    33.2520
    0.0572    31.4086    12.8567
    0.0933    19.3906     9.1311
    0.1714   165.8453    54.5321
    0.2065   347.3034   110.7841
    0.2585   757.0504   237.8056
    0.2150   596.7375   188.1086
    0.2326   673.2224   211.8189
    0.2294   783.6632   246.0556
    0.0000     0.0000     3.1200
    0.2135   148.2657    49.0824
    0.1650   124.5977    41.7453
    0.1014   166.5522    54.7512
    0.1052   111.5423    37.6981
    0.1635   162.5154    53.4998
    0.2021   447.9073   141.9713
    0.1992   470.9945   149.1283
    0.1797   763.9043   239.9303
    0.0000     0.0000     3.1200
    0.0000     0.0000     3.1200
    0.0000     0.0000     3.1200
    0.0000     0.0000     3.1200
    0.1240   349.8300   111.5673
    0.2208   407.9736   129.5918
    0.2271   443.2073   140.5143
    0.2126   534.0447   168.6739
    0.0000     0.0000     3.1200
    0.0000     0.0000     3.1200
    0.0000     0.0000     3.1200
 PARAMETROS DE ENTRADA DA SIMULACAO
 alpha   1.300000    
 delta=  1.0000000E-03
 itmax=       10000
 beta=  5.0000002E-04
 gamma=           2
 inund=  1.3000000E-03
 ruido=  0.3000000    
 semente=  1851439128
 std_k=   2.000000    
 std_wcut=  0.1000000    
 std_bhp=   5000.000    
 std_gor=   500.0000    
 N_pairs=         862
 lambda_por_glb=  9.9999998E-03
 Tempo total de execucao    16.64603     horas
