   543.4074    
   672.9937    
   781.8760    
   757.3389    
   708.8954    
   516.5172    
   690.1392    
   513.0291    
   616.8838    
   669.4012    
   497.6564    
   436.3814    
   504.3620    
   430.1255    
   497.7346    
   767.4209    
   639.6306    
   644.4883    
   606.5049    
   593.2302    
   753.5596    
   821.9550    
   498.4562    
   644.1914    
   594.8384    
   449.1707    
   501.7096    
   693.7189    
   499.3245    
   793.9860    
   543.6158    
   753.2256    
   750.9597    
   753.0597    
   862.7401    
   616.1926    
   749.9386    
   638.7921    
   757.3223    
   498.2369    
   681.7966    
   751.6165    
   585.1717    
   826.1406    
   563.5228    
   645.3997    
   605.5604    
   555.2337    
   572.3054    
   627.7495    
   826.4768    
   808.4579    
   596.2874    
   620.4908    
   573.7133    
   585.5329    
   695.9635    
   653.6060    
   670.8355    
   506.1808    
   748.1455    
   613.7350    
   680.1079    
   743.1855    
   572.3607    
   543.1821    
   522.6898    
   711.7338    
   650.8352    
   599.4614    
   745.1678    
   725.6384    
   613.6061    
   548.5413    
   510.1598    
   552.9590    
   753.2731    
   743.0236    
   660.4767    
   498.1428    
   662.9938    
   595.6953    
   535.5537    
   586.0374    
   516.4735    
   561.8595    
   666.5125    
   742.5500    
   685.8810    
   665.7273    
   680.4035    
   699.5463    
   567.7020    
   499.3840    
   705.4462    
   626.1244    
   599.7922    
   760.7046    
   495.4346    
   546.0394    
   537.9849    
   497.3017    
   717.9681    
   603.3218    
   658.4650    
   791.4941    
   778.7738    
   595.0989    
   740.9664    
   741.1649    
   658.8550    
   593.1937    
   673.9775    
   584.6790    
   631.2899    
   647.8464    
   636.0020    
   584.3646    
   715.0905    
   738.1559    
   721.4564    
   681.4379    
   741.6429    
   724.8472    
   550.1793    
   704.0206    
   691.5586    
   743.9373    
   790.8840    
   531.9764    
   540.3347    
   594.7777    
   538.0355    
   554.7847    
   526.3442    
   585.5340    
   498.7623    
   666.3398    
   610.9741    
   716.0608    
   559.9578    
   581.2338    
   617.9410    
   629.4692    
   754.5824    
   463.2996    
   694.8831    
   548.1837    
   691.9401    
   583.5065    
   767.4982    
   543.2404    
   565.0631    
   658.0837    
   717.2546    
   684.5306    
   570.5916    
   499.4581    
   579.5804    
   747.9293    
   491.4294    
   627.5731    
   652.7438    
   531.3093    
   631.8833    
   561.6740    
   663.5737    
   646.2194    
   657.9292    
   644.9806    
   790.8687    
   692.9515    
   494.6208    
   668.6669    
   540.6290    
   684.9360    
   497.8801    
   688.1907    
   721.0745    
   551.5266    
   490.0288    
   568.2024    
   562.9144    
   495.6452    
   552.9538    
   670.0170    
   685.4078    
   560.6788    
   706.1343    
   478.4373    
   637.7657    
   713.5145    
   654.1565    
   541.4601    
   600.6558    
   545.5127    
   742.9003    
   529.0583    
   442.2160    
   740.3163    
   500.4164    
   719.8193    
   537.2736    
   610.9933    
   704.8621    
   594.4838    
   509.6171    
   501.1356    
   617.8809    
   542.3008    
   751.9982    
   525.2883    
   736.3352    
   701.1012    
   638.5512    
   760.0084    
   604.1786    
   538.4066    
   634.0511    
   628.6517    
   689.8690    
   672.7268    
   657.5089    
   575.2698    
   552.4314    
   733.1531    
   714.2693    
   720.5624    
   627.6510    
   587.8564    
   685.3549    
   650.9738    
   566.7399    
   689.0149    
   468.5320    
   741.4692    
   859.6987    
   618.6196    
   539.4600    
   540.2771    
   502.0714    
   795.2617    
   501.7990    
   586.7734    
   682.5630    
   688.2076    
   736.2323    
   643.9520    
   499.0684    
   671.3403    
   551.0907    
   497.9999    
   703.0356    
   555.6193    
   494.3261    
   684.1892    
   664.9097    
   540.0505    
   721.4716    
   782.6654    
   728.2131    
   671.6031    
   559.4139    
   498.0317    
   651.2641    
   726.8927    
   675.3476    
   648.6434    
   540.9627    
   699.5115    
   514.3746    
   627.0428    
   759.3904    
   573.5072    
   785.4666    
   682.1661    
   533.5248    
   588.3763    
   400.2805    
   643.6527    
   753.3979    
   538.4044    
   674.4720    
   683.3405    
   590.2588    
   582.2049    
   664.4637    
   756.9784    
   658.7845    
   757.6425    
   648.4052    
   711.5538    
   743.0056    
   584.2853    
   536.6780    
   662.7092    
   532.2156    
   498.1375    
   659.5474    
   617.4011    
   673.7853    
   679.1385    
   743.1359    
   492.3683    
   666.5178    
   542.3976    
   655.0944    
   618.8020    
   649.1237    
   611.0242    
   570.2718    
   738.7474    
   703.2878    
   617.4823    
   721.5665    
   714.6268    
   772.4579    
   514.8534    
   498.3881    
   608.9117    
   618.4907    
   453.9717    
   735.6038    
   723.3762    
   537.8455    
   700.4431    
   569.0823    
   535.8341    
   655.1039    
   581.8015    
   647.8103    
   518.8114    
   671.2112    
   734.8482    
   542.1656    
   764.1516    
   679.0083    
   566.9811    
   600.4001    
   740.4807    
   715.1093    
   495.6501    
   708.1544    
   687.8923    
   642.4896    
   647.4069    
   729.3754    
   593.4102    
   729.9693    
   543.1882    
   722.1102    
   680.1970    
   567.0956    
   487.7971    
   538.6050    
   530.8694    
   675.1016    
   671.8922    
   660.3409    
   495.7497    
   545.5986    
   598.8231    
   734.5265    
   731.5623    
   561.5641    
   614.7399    
   653.4705    
   595.0892    
   579.7542    
   599.7732    
   582.1357    
   633.4551    
   498.3535    
   813.5776    
   827.4621    
   448.6269    
   716.9946    
   499.3958    
   712.1320    
   579.2462    
   672.2271    
   743.5480    
   666.0010    
   691.6996    
   735.0581    
   746.6766    
   754.5579    
   678.5090    
   560.1309    
   624.1804    
   595.9298    
   541.0011    
   825.5890    
   538.1155    
   643.7222    
   543.5902    
   498.0375    
   558.3047    
   570.4620    
   676.2388    
   787.2216    
   551.0670    
   631.8931    
   752.5625    
   520.8568    
   749.0721    
   738.3004    
   683.9094    
   530.8439    
   666.5043    
   686.7228    
   653.4550    
   721.5330    
   645.1077    
   499.2849    
   660.3039    
   533.4391    
   735.7252    
   763.7600    
   355.8927    
   672.7091    
   708.0106    
   586.9490    
   630.6286    
   554.7382    
   683.4612    
   685.9861    
   756.9808    
   753.5765    
   633.8351    
   632.4099    
   527.6395    
   825.7673    
   584.7512    
   823.5662    
   662.1934    
   757.3394    
   642.4987    
   729.2789    
   567.2308    
   751.0394    
   835.3718    
   576.7118    
   568.6727    
   678.7168    
   604.5566    
   549.7493    
   694.2175    
   643.5328    
   744.3084    
   647.7427    
   823.7023    
   667.8225    
   633.1656    
   515.7050    
   665.9544    
   752.0220    
   724.0756    
   636.7133    
   527.8975    
   660.0408    
   739.5290    
   628.0325    
   739.4376    
   569.1475    
   679.2866    
   646.0461    
   661.3507    
   826.1920    
   672.9552    
   497.1596    
   741.1830    
   500.6191    
   693.4310    
   621.0811    
   585.9470    
   683.0861    
   619.4712    
   651.4142    
   779.6716    
   815.8032    
   537.5156    
   782.6161    
   714.6364    
   495.9388    
   644.8003    
   570.0257    
   590.6531    
   515.6978    
   723.5276    
   742.2592    
   618.3501    
   626.0955    
   662.5814    
   565.4774    
   517.8329    
   810.4725    
   343.6460    
   669.1447    
   541.0004    
   569.8793    
   750.6118    
   468.8898    
   596.2009    
   548.0790    
   530.5585    
   576.3624    
   343.2849    
   495.4563    
   657.7803    
   653.7244    
   775.3887    
   759.0734    
   786.2748    
   629.2874    
   735.4539    
   498.1929    
   680.3047    
   674.0817    
   559.9128    
   722.4397    
   531.5679    
   746.2336    
   658.3023    
   692.9948    
   540.4138    
   508.6572    
   741.0432    
   499.1060    
   645.7250    
   701.8085    
   785.5455    
   534.7143    
   343.3581    
   653.4379    
   705.0923    
   514.1302    
   614.5353    
   613.3192    
   509.9560    
   597.5312    
   621.8818    
   499.0303    
   514.5058    
   723.1061    
   516.7886    
   826.3471    
   621.5596    
   499.2988    
   825.4375    
   649.7528    
   799.9935    
   814.2769    
   532.7645    
   623.9574    
   749.9407    
   560.9343    
   664.0337    
   769.6939    
   639.0064    
   544.6543    
   749.0884    
   750.1458    
   590.5718    
   653.9135    
   729.7389    
   639.7921    
   613.0168    
   722.2255    
   541.3539    
   727.4200    
   588.7908    
   717.1508    
   487.4604    
   563.5247    
   735.4642    
   634.3891    
   769.2406    
   667.3393    
   547.2615    
   508.1584    
   739.5864    
   754.5608    
   629.3868    
   742.2264    
   703.5449    
   628.1513    
   826.5829    
   746.8336    
   760.3796    
   706.9625    
   520.5489    
   576.7528    
   600.9083    
   482.6265    
   677.6177    
   574.6700    
   662.7569    
   697.0688    
   537.6131    
   620.1506    
   684.1920    
   625.1243    
   636.0553    
   672.7804    
   543.1067    
   537.4638    
   551.9138    
   629.4138    
   724.0358    
   671.6139    
   803.3179    
   600.8779    
   538.3115    
   719.3650    
   639.0455    
   716.2733    
   497.5349    
   487.5488    
   536.6339    
   619.7433    
   496.9907    
   638.9985    
   584.5331    
   497.9869    
   651.9672    
   825.9247    
   670.5393    
   713.5789    
   826.3505    
   642.8309    
   752.2574    
   545.8671    
   508.9752    
   576.8087    
   728.2702    
   638.5439    
   523.5507    
   611.4995    
   740.6927    
   762.9297    
   755.1969    
   595.4553    
   525.5804    
   681.2099    
   561.5278    
   456.3849    
   942.2431    
   716.8033    
   579.1474    
   750.9388    
   495.4109    
   717.6555    
   497.6091    
   566.1501    
   541.6486    
   637.5847    
   659.5750    
   535.9581    
   573.7772    
   571.1047    
   655.2333    
   638.3992    
   343.3331    
   593.9468    
   552.8932    
   706.0935    
   567.1596    
   758.7717    
   504.0888    
   673.0923    
   550.5867    
   539.3378    
   648.9973    
   539.0112    
   588.7427    
   737.7689    
   604.4485    
   517.1975    
   542.9071    
   558.9848    
   553.4388    
   756.8268    
   606.0033    
   556.6417    
   581.2092    
   648.0800    
   618.5308    
   731.9164    
   582.9387    
   759.4370    
   731.1424    
   606.1106    
   498.5378    
   752.5758    
   525.1772    
   644.3486    
   751.1676    
   819.6040    
   495.1205    
   607.9719    
   580.5391    
   730.7540    
   695.1357    
   726.0745    
   600.7671    
   549.8419    
   528.6774    
   498.5458    
   776.5043    
   823.8210    
   693.9271    
   489.3362    
   550.2719    
   608.8053    
   724.3611    
   713.4041    
   513.5830    
   649.6729    
   792.6882    
   495.6818    
   541.4659    
   565.6202    
   839.5337    
   635.4301    
   528.1667    
   714.4832    
   576.4230    
   713.6617    
   551.2546    
   536.0372    
   708.6505    
   574.5286    
   827.1528    
   628.9498    
   566.2720    
   551.4709    
   786.8234    
   715.2206    
   774.8760    
   641.1486    
   498.3748    
   509.2739    
   703.9674    
   690.4186    
   615.0933    
   755.2250    
   608.8817    
   744.6689    
   642.6173    
   636.7686    
   500.8878    
   611.7365    
   587.1497    
   684.0209    
   826.1248    
   780.9707    
   704.3568    
   574.8390    
   568.3533    
   749.8615    
   639.6711    
   598.8124    
   537.7778    
   681.6799    
   549.5977    
   592.3586    
   734.6617    
   577.4154    
   746.6766    
   723.6189    
   688.3995    
   519.9542    
   705.9667    
   549.2857    
   734.2300    
   625.4535    
   499.0112    
   540.1992    
   692.9402    
   553.7122    
   676.0310    
   707.6199    
   778.3161    
   631.9996    
   713.6735    
   584.3796    
   631.8317    
   770.4083    
   678.3539    
   624.0211    
   501.8515    
   600.5750    
   527.7478    
   612.0049    
   719.7607    
   673.2977    
   707.1130    
   777.6638    
   670.2860    
   584.5385    
   584.1251    
   752.4289    
   825.7136    
   543.0084    
   666.0899    
   755.9787    
   620.7089    
   656.7016    
   557.2021    
   528.2842    
   550.2855    
   718.2357    
   697.3287    
   600.8353    
   498.6758    
   841.0298    
   620.3682    
   507.7642    
   783.1061    
   582.0540    
   665.2399    
   728.1007    
   769.5696    
   742.8856    
   792.7928    
   609.6082    
   601.8846    
   521.9498    
   631.4972    
   636.1003    
   554.9169    
   749.9421    
   585.6897    
   620.9610    
   698.5088    
   746.5531    
   724.0124    
   665.3393    
   729.4446    
   752.3228    
   656.6141    
   746.0367    
   593.5549    
   502.0607    
   759.1565    
   579.5536    
   620.0717    
   597.5618    
   738.7101    
   547.7761    
   781.6758    
   615.7505    
   745.7573    
   728.9521    
   754.6421    
   728.0457    
   607.6273    
   750.2563    
   579.9951    
   721.7081    
   530.8025    
   541.0104    
   655.7577    
   554.8589    
   579.8550    
   731.8027    
   593.2598    
   600.0978    
   602.0024    
   576.4380    
   590.7686    
   562.3000    
   782.5552    
   579.8339    
   557.6730    
   642.0004    
   692.3759    
   660.1887    
   544.8223    
   755.7645    
   538.7386    
   541.9933    
   602.8068    
   597.5203    
   603.1267    
   825.1426    
   497.4190    
   563.6630    
   627.9832    
   644.6906    
   668.3574    
   744.6271    
   825.7825    
   559.3958    
   501.7160    
   825.7342    
   690.8883    
   499.2703    
   498.8257    
   625.7894    
   734.2591    
   623.0792    
   683.0876    
   700.0604    
   502.1616    
   741.3701    
   532.6395    
   495.4594    
   592.4547    
   591.5171    
   688.1170    
   643.7261    
   574.1889    
   694.0142    
   675.7011    
   697.3967    
   495.5303    
   827.3622    
   578.9033    
   632.7452    
   519.1925    
   688.8361    
   651.0158    
   570.7281    
   343.2808    
   568.4330    
   751.6420    
   718.2420    
   604.6960    
   575.2998    
   590.1439    
   598.0655    
   752.1281    
   562.5507    
   533.1121    
   743.8729    
   670.8868    
   811.0638    
   560.5778    
   511.6970    
   539.4080    
   538.6600    
   805.3633    
   633.6112    
   721.9768    
   616.7427    
   653.2322    
   615.8696    
   536.0699    
   697.3475    
   573.2930    
   710.0699    
   706.3619    
   717.3831    
   580.0045    
   539.9221    
   643.7312    
   643.3680    
   739.6323    
   545.8959    
   562.3798    
   541.7342    
   782.8417    
   791.1262    
   667.9559    
   568.7842    
   689.1839    
   571.0964    
   679.7003    
   664.6676    
   607.1967    
   637.2996    
   789.3826    
   544.9073    
   815.0090    
   557.2991    
