  9.9999998E-03
  9.9999998E-03
  9.9999998E-03
  9.9999998E-03
  9.9999998E-03
  9.9999998E-03
  9.9999998E-03
  9.9999998E-03
  9.9999998E-03
  9.9999998E-03
  9.9999998E-03
  9.9999998E-03
  9.9999998E-03
  9.9999998E-03
  9.9999998E-03
  9.9999998E-03
  9.9999998E-03
  9.9999998E-03
  9.9999998E-03
  9.9999998E-03
  9.9999998E-03
  9.9999998E-03
  9.9999998E-03
  9.9999998E-03
  9.9999998E-03
  9.9999998E-03
  9.9999998E-03
  9.9999998E-03
  9.9999998E-03
  9.9999998E-03
  9.9999998E-03
  9.9999998E-03
  9.9999998E-03
  9.9999998E-03
  9.9999998E-03
  9.9999998E-03
  9.9999998E-03
  9.9999998E-03
  9.9999998E-03
  9.9999998E-03
  9.9999998E-03
  9.9999998E-03
  9.9999998E-03
  9.9999998E-03
  9.9999998E-03
  9.9999998E-03
  9.9999998E-03
  9.9999998E-03
  9.9999998E-03
  9.9999998E-03
  9.9999998E-03
  9.9999998E-03
  9.9999998E-03
  9.9999998E-03
  9.9999998E-03
  9.9999998E-03
  9.9999998E-03
  9.9999998E-03
  9.9999998E-03
  9.9999998E-03
  9.9999998E-03
  9.9999998E-03
  9.9999998E-03
  9.9999998E-03
  9.9999998E-03
  9.9999998E-03
  9.9999998E-03
  9.0159997E-02
  0.1568000    
  9.9999998E-03
  9.9999998E-03
  9.9999998E-03
  9.9999998E-03
  9.9999998E-03
  9.9999998E-03
  9.9999998E-03
  9.9999998E-03
  9.9999998E-03
  9.9999998E-03
  9.9999998E-03
  9.9999998E-03
  9.9999998E-03
  9.9999998E-03
  9.9999998E-03
  0.1666000    
  9.9999998E-03
  9.9999998E-03
  9.9999998E-03
  9.9999998E-03
  9.9999998E-03
  9.9999998E-03
  9.9999998E-03
  9.9999998E-03
  9.9999998E-03
  9.9999998E-03
  9.9999998E-03
  9.9999998E-03
  9.9999998E-03
  9.9999998E-03
  9.9999998E-03
  9.9999998E-03
  9.9999998E-03
  9.9999998E-03
  9.9999998E-03
  5.8800001E-02
  9.9999998E-03
  9.9999998E-03
  9.9999998E-03
  0.2744000    
  9.9999998E-03
  9.9999998E-03
  9.9999998E-03
  9.9999998E-03
  9.9999998E-03
  9.9999998E-03
  5.8800001E-02
  9.9999998E-03
  9.9999998E-03
  9.9999998E-03
  9.9999998E-03
  9.9999998E-03
  9.9999998E-03
  9.9999998E-03
  9.9999998E-03
  9.9999998E-03
  9.9999998E-03
  9.9999998E-03
  9.9999998E-03
  9.9999998E-03
  9.9999998E-03
  9.9999998E-03
  9.9999998E-03
  9.9999998E-03
  9.9999998E-03
  9.9999998E-03
  9.9999998E-03
  9.9999998E-03
  9.9999998E-03
  9.9999998E-03
  9.9999998E-03
  9.9999998E-03
  9.9999998E-03
  9.9999998E-03
  9.9999998E-03
  9.9999998E-03
  9.9999998E-03
  9.9999998E-03
  9.9999998E-03
  9.9999998E-03
  9.9999998E-03
  9.9999998E-03
  9.9999998E-03
  9.9999998E-03
  9.9999998E-03
  9.9999998E-03
  9.9999998E-03
  9.9999998E-03
  9.9999998E-03
  9.9999998E-03
  9.9999998E-03
  9.9999998E-03
  9.9999998E-03
  9.9999998E-03
  9.9999998E-03
  9.9999998E-03
  9.9999998E-03
  9.9999998E-03
  9.9999998E-03
  9.9999998E-03
  9.9999998E-03
  9.9999998E-03
  9.9999998E-03
  9.9999998E-03
  9.9999998E-03
  9.9999998E-03
  9.9999998E-03
  9.9999998E-03
  9.9999998E-03
  9.9999998E-03
  9.9999998E-03
  9.9999998E-03
  9.9999998E-03
  9.9999998E-03
  9.9999998E-03
  9.9999998E-03
  9.9999998E-03
  9.9999998E-03
  9.9999998E-03
  9.9999998E-03
  9.9999998E-03
  9.9999998E-03
  9.9999998E-03
  9.9999998E-03
  9.9999998E-03
  9.9999998E-03
  9.9999998E-03
  9.9999998E-03
  9.9999998E-03
  9.9999998E-03
  9.9999998E-03
  9.9999998E-03
  9.9999998E-03
  9.9999998E-03
  9.9999998E-03
  9.9999998E-03
  9.9999998E-03
  9.9999998E-03
  9.7999997E-02
  9.7999997E-02
  9.9999998E-03
  9.9999998E-03
  9.9999998E-03
  9.9999998E-03
  9.9999998E-03
  9.9999998E-03
  9.9999998E-03
  9.9999998E-03
  9.9999998E-03
  9.9999998E-03
  9.9999998E-03
  9.9999998E-03
  9.9999998E-03
  9.9999998E-03
  9.9999998E-03
  4.8999999E-02
  9.9999998E-03
  9.9999998E-03
  9.9999998E-03
  9.9999998E-03
  9.9999998E-03
  9.9999998E-03
  9.9999998E-03
  9.9999998E-03
  9.9999998E-03
  9.9999998E-03
  9.9999998E-03
  9.9999998E-03
  9.9999998E-03
  9.9999998E-03
  9.9999998E-03
  9.9999998E-03
  9.9999998E-03
  9.9999998E-03
  9.9999998E-03
  8.8200003E-02
  9.9999998E-03
  9.9999998E-03
  9.9999998E-03
  8.8200003E-02
  9.9999998E-03
  9.9999998E-03
  9.9999998E-03
  9.9999998E-03
  9.9999998E-03
  9.9999998E-03
  6.8599999E-02
  9.9999998E-03
  9.9999998E-03
  9.9999998E-03
  9.9999998E-03
  9.9999998E-03
  9.9999998E-03
  9.9999998E-03
  9.9999998E-03
  9.9999998E-03
  9.9999998E-03
  9.9999998E-03
  9.9999998E-03
  9.9999998E-03
  9.9999998E-03
  9.9999998E-03
  9.9999998E-03
  9.9999998E-03
  9.9999998E-03
  9.9999998E-03
  9.9999998E-03
  9.9999998E-03
  9.9999998E-03
  9.9999998E-03
  9.9999998E-03
  9.9999998E-03
  9.9999998E-03
  9.9999998E-03
  9.9999998E-03
  9.9999998E-03
  9.9999998E-03
  9.9999998E-03
  9.9999998E-03
  9.9999998E-03
  9.9999998E-03
  9.9999998E-03
  9.9999998E-03
  9.9999998E-03
  9.9999998E-03
  9.9999998E-03
  9.9999998E-03
  9.9999998E-03
  9.9999998E-03
  9.9999998E-03
  9.9999998E-03
  9.9999998E-03
  9.9999998E-03
  9.9999998E-03
  9.9999998E-03
  9.9999998E-03
  9.9999998E-03
  9.9999998E-03
  9.9999998E-03
  9.9999998E-03
  9.9999998E-03
  9.9999998E-03
  9.9999998E-03
  9.9999998E-03
  9.9999998E-03
  9.9999998E-03
  9.9999998E-03
  9.9999998E-03
  9.9999998E-03
  9.9999998E-03
  9.9999998E-03
  9.9999998E-03
  9.9999998E-03
  9.9999998E-03
  9.9999998E-03
  9.9999998E-03
  9.9999998E-03
  9.9999998E-03
  9.9999998E-03
  9.9999998E-03
  9.9999998E-03
  9.9999998E-03
  9.9999998E-03
  9.9999998E-03
  9.9999998E-03
  9.9999998E-03
  9.9999998E-03
  9.9999998E-03
  9.9999998E-03
  9.9999998E-03
  9.9999998E-03
  9.9999998E-03
  9.9999998E-03
  9.9999998E-03
  9.9999998E-03
  9.9999998E-03
  9.9999998E-03
  9.9999998E-03
  9.1140002E-02
  0.1274000    
  9.9999998E-03
  9.9999998E-03
  9.9999998E-03
  9.9999998E-03
  9.9999998E-03
  9.9999998E-03
  9.9999998E-03
  9.9999998E-03
  9.9999998E-03
  9.9999998E-03
  9.9999998E-03
  9.9999998E-03
  9.9999998E-03
  9.9999998E-03
  9.9999998E-03
  7.8400001E-02
  9.9999998E-03
  9.9999998E-03
  9.9999998E-03
  9.9999998E-03
  9.9999998E-03
  9.9999998E-03
  9.9999998E-03
  9.9999998E-03
  9.9999998E-03
  9.9999998E-03
  9.9999998E-03
  9.9999998E-03
  9.9999998E-03
  9.9999998E-03
  9.9999998E-03
  9.9999998E-03
  9.9999998E-03
  9.9999998E-03
  9.9999998E-03
  0.1176000    
  9.9999998E-03
  9.9999998E-03
  9.9999998E-03
  0.1666000    
  9.9999998E-03
  9.9999998E-03
  9.9999998E-03
  9.9999998E-03
  9.9999998E-03
  9.9999998E-03
  0.1862000    
  9.9999998E-03
  9.9999998E-03
  9.9999998E-03
  9.9999998E-03
  9.9999998E-03
  9.9999998E-03
  9.9999998E-03
  9.9999998E-03
  9.9999998E-03
  9.9999998E-03
  9.9999998E-03
  9.9999998E-03
  9.9999998E-03
  9.9999998E-03
  9.9999998E-03
  9.9999998E-03
  9.9999998E-03
  9.9999998E-03
  9.9999998E-03
  9.9999998E-03
  9.9999998E-03
  9.9999998E-03
  9.9999998E-03
  9.9999998E-03
  9.9999998E-03
  9.9999998E-03
  9.9999998E-03
  9.9999998E-03
  9.9999998E-03
  9.9999998E-03
  9.9999998E-03
  9.9999998E-03
  9.9999998E-03
  9.9999998E-03
  9.9999998E-03
  9.9999998E-03
  9.9999998E-03
  9.9999998E-03
  9.9999998E-03
  9.9999998E-03
  9.9999998E-03
  9.9999998E-03
  9.9999998E-03
  9.9999998E-03
  9.9999998E-03
  9.9999998E-03
  9.9999998E-03
  9.9999998E-03
  9.9999998E-03
  9.9999998E-03
  9.9999998E-03
  9.9999998E-03
  9.9999998E-03
  9.9999998E-03
  9.9999998E-03
  9.9999998E-03
  9.9999998E-03
  9.9999998E-03
  9.9999998E-03
  9.9999998E-03
  9.9999998E-03
  9.9999998E-03
  9.9999998E-03
  9.9999998E-03
  9.9999998E-03
  9.9999998E-03
  9.9999998E-03
  9.9999998E-03
  9.9999998E-03
  9.9999998E-03
  9.9999998E-03
  9.9999998E-03
  9.9999998E-03
  9.9999998E-03
  9.9999998E-03
  9.9999998E-03
  9.9999998E-03
  9.9999998E-03
  9.9999998E-03
  9.9999998E-03
  9.9999998E-03
  9.9999998E-03
  9.9999998E-03
  9.9999998E-03
  9.9999998E-03
  9.9999998E-03
  9.9999998E-03
  9.9999998E-03
  9.9999998E-03
  9.9999998E-03
  9.9999998E-03
  0.1960000    
  0.1274000    
  9.9999998E-03
  9.9999998E-03
  9.9999998E-03
  9.9999998E-03
  9.9999998E-03
  9.9999998E-03
  9.9999998E-03
  9.9999998E-03
  9.9999998E-03
  9.9999998E-03
  9.9999998E-03
  9.9999998E-03
  9.9999998E-03
  9.9999998E-03
  9.9999998E-03
  0.1372000    
  9.9999998E-03
  9.9999998E-03
  9.9999998E-03
  9.9999998E-03
  9.9999998E-03
  9.9999998E-03
  9.9999998E-03
  9.9999998E-03
  9.9999998E-03
  9.9999998E-03
  9.9999998E-03
  9.9999998E-03
  9.9999998E-03
  9.9999998E-03
  9.9999998E-03
  9.9999998E-03
  9.9999998E-03
  9.9999998E-03
  9.9999998E-03
  0.1568000    
  9.9999998E-03
  9.9999998E-03
  9.9999998E-03
  0.1568000    
  9.9999998E-03
  9.9999998E-03
  9.9999998E-03
  9.9999998E-03
  9.9999998E-03
  9.9999998E-03
  0.1078000    
  9.9999998E-03
  9.9999998E-03
  9.9999998E-03
  9.9999998E-03
  9.9999998E-03
  9.9999998E-03
  9.9999998E-03
  9.9999998E-03
  9.9999998E-03
  9.9999998E-03
  9.9999998E-03
  9.9999998E-03
  9.9999998E-03
  9.9999998E-03
  9.9999998E-03
  9.9999998E-03
  9.9999998E-03
  9.9999998E-03
  9.9999998E-03
  9.9999998E-03
  9.9999998E-03
  9.9999998E-03
  9.9999998E-03
  9.9999998E-03
  9.9999998E-03
  9.9999998E-03
  9.9999998E-03
  9.9999998E-03
  9.9999998E-03
  9.9999998E-03
  9.9999998E-03
  9.9999998E-03
  9.9999998E-03
  9.9999998E-03
  9.9999998E-03
  9.9999998E-03
  9.9999998E-03
  9.9999998E-03
  9.9999998E-03
  9.9999998E-03
  9.9999998E-03
  9.9999998E-03
  9.9999998E-03
  9.9999998E-03
  9.9999998E-03
  9.9999998E-03
  9.9999998E-03
  9.9999998E-03
  9.9999998E-03
  9.9999998E-03
  9.9999998E-03
  9.9999998E-03
  9.9999998E-03
  9.9999998E-03
  9.9999998E-03
  9.9999998E-03
  9.9999998E-03
  9.9999998E-03
  9.9999998E-03
  9.9999998E-03
  9.9999998E-03
  9.9999998E-03
  9.9999998E-03
  9.9999998E-03
  9.9999998E-03
  9.9999998E-03
  9.9999998E-03
  9.9999998E-03
  9.9999998E-03
  9.9999998E-03
  9.9999998E-03
  9.9999998E-03
  9.9999998E-03
  9.9999998E-03
  9.9999998E-03
  9.9999998E-03
  9.9999998E-03
  9.9999998E-03
  9.9999998E-03
  9.9999998E-03
  9.9999998E-03
  9.9999998E-03
  9.9999998E-03
  9.9999998E-03
  9.9999998E-03
  9.9999998E-03
  9.9999998E-03
  9.9999998E-03
  9.9999998E-03
  9.9999998E-03
  9.9999998E-03
  0.2254000    
  9.9999998E-03
  9.9999998E-03
  9.9999998E-03
  9.9999998E-03
  9.9999998E-03
  9.9999998E-03
  9.9999998E-03
  9.9999998E-03
  9.9999998E-03
  9.9999998E-03
  9.9999998E-03
  9.9999998E-03
  9.9999998E-03
  9.9999998E-03
  9.9999998E-03
  9.9999998E-03
  0.2352000    
  9.9999998E-03
  9.9999998E-03
  9.9999998E-03
  9.9999998E-03
  9.9999998E-03
  9.9999998E-03
  9.9999998E-03
  9.9999998E-03
  9.9999998E-03
  9.9999998E-03
  9.9999998E-03
  9.9999998E-03
  9.9999998E-03
  9.9999998E-03
  9.9999998E-03
  9.9999998E-03
  9.9999998E-03
  9.9999998E-03
  9.9999998E-03
  0.2548000    
  9.9999998E-03
  9.9999998E-03
  9.9999998E-03
  9.9999998E-03
  9.9999998E-03
  9.9999998E-03
  9.9999998E-03
  9.9999998E-03
  9.9999998E-03
  9.9999998E-03
  9.9999998E-03
  9.9999998E-03
  9.9999998E-03
  9.9999998E-03
  9.9999998E-03
  9.9999998E-03
  9.9999998E-03
  9.9999998E-03
  9.9999998E-03
  9.9999998E-03
  9.9999998E-03
  9.9999998E-03
  9.9999998E-03
  9.9999998E-03
  9.9999998E-03
  9.9999998E-03
  9.9999998E-03
  9.9999998E-03
  9.9999998E-03
  9.9999998E-03
  9.9999998E-03
  9.9999998E-03
  9.9999998E-03
  9.9999998E-03
  9.9999998E-03
  0.5000000    
  0.5000000    
  0.5000000    
  0.5000000    
  0.5000000    
  0.5000000    
  0.5000000    
  0.5000000    
  0.5000000    
  0.5000000    
  0.5000000    
  0.5000000    
  0.5000000    
  0.5000000    
  0.5000000    
  0.5000000    
  0.5000000    
  0.5000000    
  0.5000000    
  0.5000000    
  0.5000000    
  0.5000000    
  0.5000000    
  0.5000000    
  0.5000000    
  0.5000000    
  0.5000000    
  0.5000000    
  0.5000000    
  0.5000000    
  0.5000000    
  0.5000000    
  0.5000000    
  0.5000000    
  0.5000000    
  0.5000000    
  0.5000000    
  0.5000000    
  0.5000000    
  0.5000000    
  0.5000000    
  0.5000000    
  0.5000000    
  0.5000000    
  0.5000000    
  0.5000000    
  0.5000000    
  0.5000000    
  0.5000000    
  0.5000000    
  0.5000000    
  0.5000000    
  0.5000000    
  0.5000000    
  0.5000000    
  0.5000000    
  0.5000000    
  0.5000000    
  0.5000000    
  0.5000000    
  0.5000000    
  0.5000000    
  0.5000000    
  0.5000000    
  0.5000000    
  0.5000000    
  0.5000000    
   29.01780    
   567.6160    
  0.5000000    
  0.5000000    
  0.5000000    
  0.5000000    
  0.5000000    
  0.5000000    
  0.5000000    
  0.5000000    
  0.5000000    
  0.5000000    
  0.5000000    
  0.5000000    
  0.5000000    
  0.5000000    
  0.5000000    
   239.5120    
  0.5000000    
  0.5000000    
  0.5000000    
  0.5000000    
  0.5000000    
  0.5000000    
  0.5000000    
  0.5000000    
  0.5000000    
  0.5000000    
  0.5000000    
  0.5000000    
  0.5000000    
  0.5000000    
  0.5000000    
  0.5000000    
  0.5000000    
  0.5000000    
  0.5000000    
   12.77920    
  0.5000000    
  0.5000000    
  0.5000000    
   756.0700    
  0.5000000    
  0.5000000    
  0.5000000    
  0.5000000    
  0.5000000    
  0.5000000    
   18.64940    
  0.5000000    
  0.5000000    
  0.5000000    
  0.5000000    
  0.5000000    
  0.5000000    
  0.5000000    
  0.5000000    
  0.5000000    
  0.5000000    
  0.5000000    
  0.5000000    
  0.5000000    
  0.5000000    
  0.5000000    
  0.5000000    
  0.5000000    
  0.5000000    
  0.5000000    
  0.5000000    
  0.5000000    
  0.5000000    
  0.5000000    
  0.5000000    
  0.5000000    
  0.5000000    
  0.5000000    
  0.5000000    
  0.5000000    
  0.5000000    
  0.5000000    
  0.5000000    
  0.5000000    
  0.5000000    
  0.5000000    
  0.5000000    
  0.5000000    
  0.5000000    
  0.5000000    
  0.5000000    
  0.5000000    
  0.5000000    
  0.5000000    
  0.5000000    
  0.5000000    
  0.5000000    
  0.5000000    
  0.5000000    
  0.5000000    
  0.5000000    
  0.5000000    
  0.5000000    
  0.5000000    
  0.5000000    
  0.5000000    
  0.5000000    
  0.5000000    
  0.5000000    
  0.5000000    
  0.5000000    
  0.5000000    
  0.5000000    
  0.5000000    
  0.5000000    
  0.5000000    
  0.5000000    
  0.5000000    
  0.5000000    
  0.5000000    
  0.5000000    
  0.5000000    
  0.5000000    
  0.5000000    
  0.5000000    
  0.5000000    
  0.5000000    
  0.5000000    
  0.5000000    
  0.5000000    
  0.5000000    
  0.5000000    
  0.5000000    
  0.5000000    
  0.5000000    
  0.5000000    
  0.5000000    
  0.5000000    
  0.5000000    
  0.5000000    
  0.5000000    
  0.5000000    
   68.67840    
   23.81400    
  0.5000000    
  0.5000000    
  0.5000000    
  0.5000000    
  0.5000000    
  0.5000000    
  0.5000000    
  0.5000000    
  0.5000000    
  0.5000000    
  0.5000000    
  0.5000000    
  0.5000000    
  0.5000000    
  0.5000000    
   15.45460    
  0.5000000    
  0.5000000    
  0.5000000    
  0.5000000    
  0.5000000    
  0.5000000    
  0.5000000    
  0.5000000    
  0.5000000    
  0.5000000    
  0.5000000    
  0.5000000    
  0.5000000    
  0.5000000    
  0.5000000    
  0.5000000    
  0.5000000    
  0.5000000    
  0.5000000    
   69.96220    
  0.5000000    
  0.5000000    
  0.5000000    
   34.16280    
  0.5000000    
  0.5000000    
  0.5000000    
  0.5000000    
  0.5000000    
  0.5000000    
   25.17620    
  0.5000000    
  0.5000000    
  0.5000000    
  0.5000000    
  0.5000000    
  0.5000000    
  0.5000000    
  0.5000000    
  0.5000000    
  0.5000000    
  0.5000000    
  0.5000000    
  0.5000000    
  0.5000000    
  0.5000000    
  0.5000000    
  0.5000000    
  0.5000000    
  0.5000000    
  0.5000000    
  0.5000000    
  0.5000000    
  0.5000000    
  0.5000000    
  0.5000000    
  0.5000000    
  0.5000000    
  0.5000000    
  0.5000000    
  0.5000000    
  0.5000000    
  0.5000000    
  0.5000000    
  0.5000000    
  0.5000000    
  0.5000000    
  0.5000000    
  0.5000000    
  0.5000000    
  0.5000000    
  0.5000000    
  0.5000000    
  0.5000000    
  0.5000000    
  0.5000000    
  0.5000000    
  0.5000000    
  0.5000000    
  0.5000000    
  0.5000000    
  0.5000000    
  0.5000000    
  0.5000000    
  0.5000000    
  0.5000000    
  0.5000000    
  0.5000000    
  0.5000000    
  0.5000000    
  0.5000000    
  0.5000000    
  0.5000000    
  0.5000000    
  0.5000000    
  0.5000000    
  0.5000000    
  0.5000000    
  0.5000000    
  0.5000000    
  0.5000000    
  0.5000000    
  0.5000000    
  0.5000000    
  0.5000000    
  0.5000000    
  0.5000000    
  0.5000000    
  0.5000000    
  0.5000000    
  0.5000000    
  0.5000000    
  0.5000000    
  0.5000000    
  0.5000000    
  0.5000000    
  0.5000000    
  0.5000000    
  0.5000000    
  0.5000000    
  0.5000000    
  0.5000000    
   75.49920    
   227.5560    
  0.5000000    
  0.5000000    
  0.5000000    
  0.5000000    
  0.5000000    
  0.5000000    
  0.5000000    
  0.5000000    
  0.5000000    
  0.5000000    
  0.5000000    
  0.5000000    
  0.5000000    
  0.5000000    
  0.5000000    
   48.88240    
  0.5000000    
  0.5000000    
  0.5000000    
  0.5000000    
  0.5000000    
  0.5000000    
  0.5000000    
  0.5000000    
  0.5000000    
  0.5000000    
  0.5000000    
  0.5000000    
  0.5000000    
  0.5000000    
  0.5000000    
  0.5000000    
  0.5000000    
  0.5000000    
  0.5000000    
   337.0220    
  0.5000000    
  0.5000000    
  0.5000000    
   261.7580    
  0.5000000    
  0.5000000    
  0.5000000    
  0.5000000    
  0.5000000    
  0.5000000    
   517.6360    
  0.5000000    
  0.5000000    
  0.5000000    
  0.5000000    
  0.5000000    
  0.5000000    
  0.5000000    
  0.5000000    
  0.5000000    
  0.5000000    
  0.5000000    
  0.5000000    
  0.5000000    
  0.5000000    
  0.5000000    
  0.5000000    
  0.5000000    
  0.5000000    
  0.5000000    
  0.5000000    
  0.5000000    
  0.5000000    
  0.5000000    
  0.5000000    
  0.5000000    
  0.5000000    
  0.5000000    
  0.5000000    
  0.5000000    
  0.5000000    
  0.5000000    
  0.5000000    
  0.5000000    
  0.5000000    
  0.5000000    
  0.5000000    
  0.5000000    
  0.5000000    
  0.5000000    
  0.5000000    
  0.5000000    
  0.5000000    
  0.5000000    
  0.5000000    
  0.5000000    
  0.5000000    
  0.5000000    
  0.5000000    
  0.5000000    
  0.5000000    
  0.5000000    
  0.5000000    
  0.5000000    
  0.5000000    
  0.5000000    
  0.5000000    
  0.5000000    
  0.5000000    
  0.5000000    
  0.5000000    
  0.5000000    
  0.5000000    
  0.5000000    
  0.5000000    
  0.5000000    
  0.5000000    
  0.5000000    
  0.5000000    
  0.5000000    
  0.5000000    
  0.5000000    
  0.5000000    
  0.5000000    
  0.5000000    
  0.5000000    
  0.5000000    
  0.5000000    
  0.5000000    
  0.5000000    
  0.5000000    
  0.5000000    
  0.5000000    
  0.5000000    
  0.5000000    
  0.5000000    
  0.5000000    
  0.5000000    
  0.5000000    
  0.5000000    
  0.5000000    
  0.5000000    
   234.9060    
   144.9420    
  0.5000000    
  0.5000000    
  0.5000000    
  0.5000000    
  0.5000000    
  0.5000000    
  0.5000000    
  0.5000000    
  0.5000000    
  0.5000000    
  0.5000000    
  0.5000000    
  0.5000000    
  0.5000000    
  0.5000000    
   247.5480    
  0.5000000    
  0.5000000    
  0.5000000    
  0.5000000    
  0.5000000    
  0.5000000    
  0.5000000    
  0.5000000    
  0.5000000    
  0.5000000    
  0.5000000    
  0.5000000    
  0.5000000    
  0.5000000    
  0.5000000    
  0.5000000    
  0.5000000    
  0.5000000    
  0.5000000    
   474.7120    
  0.5000000    
  0.5000000    
  0.5000000    
   379.6520    
  0.5000000    
  0.5000000    
  0.5000000    
  0.5000000    
  0.5000000    
  0.5000000    
   153.7620    
  0.5000000    
  0.5000000    
  0.5000000    
  0.5000000    
  0.5000000    
  0.5000000    
  0.5000000    
  0.5000000    
  0.5000000    
  0.5000000    
  0.5000000    
  0.5000000    
  0.5000000    
  0.5000000    
  0.5000000    
  0.5000000    
  0.5000000    
  0.5000000    
  0.5000000    
  0.5000000    
  0.5000000    
  0.5000000    
  0.5000000    
  0.5000000    
  0.5000000    
  0.5000000    
  0.5000000    
  0.5000000    
  0.5000000    
  0.5000000    
  0.5000000    
  0.5000000    
  0.5000000    
  0.5000000    
  0.5000000    
  0.5000000    
  0.5000000    
  0.5000000    
  0.5000000    
  0.5000000    
  0.5000000    
  0.5000000    
  0.5000000    
  0.5000000    
  0.5000000    
  0.5000000    
  0.5000000    
  0.5000000    
  0.5000000    
  0.5000000    
  0.5000000    
  0.5000000    
  0.5000000    
  0.5000000    
  0.5000000    
  0.5000000    
  0.5000000    
  0.5000000    
  0.5000000    
  0.5000000    
  0.5000000    
  0.5000000    
  0.5000000    
  0.5000000    
  0.5000000    
  0.5000000    
  0.5000000    
  0.5000000    
  0.5000000    
  0.5000000    
  0.5000000    
  0.5000000    
  0.5000000    
  0.5000000    
  0.5000000    
  0.5000000    
  0.5000000    
  0.5000000    
  0.5000000    
  0.5000000    
  0.5000000    
  0.5000000    
  0.5000000    
  0.5000000    
  0.5000000    
  0.5000000    
  0.5000000    
  0.5000000    
  0.5000000    
  0.5000000    
  0.5000000    
   722.0640    
  0.5000000    
  0.5000000    
  0.5000000    
  0.5000000    
  0.5000000    
  0.5000000    
  0.5000000    
  0.5000000    
  0.5000000    
  0.5000000    
  0.5000000    
  0.5000000    
  0.5000000    
  0.5000000    
  0.5000000    
  0.5000000    
   704.4240    
  0.5000000    
  0.5000000    
  0.5000000    
  0.5000000    
  0.5000000    
  0.5000000    
  0.5000000    
  0.5000000    
  0.5000000    
  0.5000000    
  0.5000000    
  0.5000000    
  0.5000000    
  0.5000000    
  0.5000000    
  0.5000000    
  0.5000000    
  0.5000000    
  0.5000000    
   583.1980    
  0.5000000    
  0.5000000    
  0.5000000    
  0.5000000    
  0.5000000    
  0.5000000    
  0.5000000    
  0.5000000    
  0.5000000    
  0.5000000    
  0.5000000    
  0.5000000    
  0.5000000    
  0.5000000    
  0.5000000    
  0.5000000    
  0.5000000    
  0.5000000    
  0.5000000    
  0.5000000    
  0.5000000    
  0.5000000    
  0.5000000    
  0.5000000    
  0.5000000    
  0.5000000    
  0.5000000    
  0.5000000    
  0.5000000    
  0.5000000    
  0.5000000    
  0.5000000    
  0.5000000    
  0.5000000    
  0.5000000    
