 contador  inf  truth  sup
           1  0.1083240      0.2708100      0.3000000    
           2  7.3965997E-02  0.1849150      0.2958640    
           3  2.1512000E-02  5.3780001E-02  8.6048000E-02
           4  2.0138666E-02  5.0346669E-02  8.0554672E-02
           5  7.5067997E-02  0.1876700      0.3000000    
           6  0.1131990      0.2829975      0.3000000    
           7  8.9026995E-02  0.2225675      0.3000000    
           8  3.2295998E-02  8.0739997E-02  0.1291840    
           9  6.1756000E-02  0.1543900      0.2470240    
          10  5.9699997E-02  0.1492500      0.2388000    
          11  4.7125999E-02  0.1178150      0.1885040    
          12  9.0515994E-02  0.2262900      0.3000000    
          13  0.1103090      0.2757725      0.3000000    
          14  6.8558000E-02  0.1713950      0.2742320    
          15  0.1018173      0.2545433      0.3000000    
          16  8.9416996E-02  0.2235425      0.3000000    
          17  7.4831992E-02  0.1870800      0.2993280    
          18  3.0583996E-02  7.6459996E-02  0.1223360    
          19  5.4382000E-02  0.1359550      0.2175280    
          20  0.1144060      0.2860150      0.3000000    
          21  7.2381996E-02  0.1809550      0.2895280    
          22  8.1583999E-02  0.2039600      0.3000000    
          23  0.1105540      0.2763850      0.3000000    
          24  9.0851992E-02  0.2271300      0.3000000    
          25  8.1503995E-02  0.2037600      0.3000000    
          26  3.7795998E-02  9.4489999E-02  0.1511840    
          27  2.2585999E-02  5.6465000E-02  9.0344004E-02
          28  9.5600992E-02  0.2390025      0.3000000    
          29  9.8608993E-02  0.2465225      0.3000000    
          30  7.2987996E-02  0.1824700      0.2919520    
          31  8.9132994E-02  0.2228325      0.3000000    
          32  0.1012610      0.2531525      0.3000000    
          33  6.0646996E-02  0.1516175      0.2425880    
          34  7.5292997E-02  0.1882325      0.3000000    
          35  3.6672998E-02  9.1682501E-02  0.1466920    
          36  6.2978998E-02  0.1574475      0.2519160    
          37  0.1029450      0.2573625      0.3000000    
          38  6.5805994E-02  0.1645150      0.2632240    
          39  6.3450992E-02  0.1586275      0.2538040    
          40  0.1116850      0.2792125      0.3000000    
          41  6.4839996E-02  0.1621000      0.2593600    
          42  5.8348998E-02  0.1458725      0.2333960    
          43  9.0159997E-02  0.1377650      9.3840003E-02
          44  0.1568000      0.1560325      0.1632000    
          45  9.0700999E-02  0.2267525      0.3000000    
          46  9.9999998E-03  1.4940000E-02  2.3904001E-02
          47  3.2397997E-02  8.0994993E-02  0.1295920    
          48  6.1180998E-02  0.1529525      0.2447240    
          49  0.1008120      0.2520300      0.3000000    
          50  0.1086570      0.2716425      0.3000000    
          51  5.8772996E-02  0.1469325      0.2350920    
          52  5.3668998E-02  0.1341725      0.2146760    
          53  4.2586997E-02  0.1064675      0.1703480    
          54  7.8507997E-02  0.1962700      0.3000000    
          55  9.9999998E-03  1.4687501E-02  2.3500001E-02
          56  1.7944997E-02  4.4862498E-02  7.1779996E-02
          57  2.6447000E-02  6.6117503E-02  0.1057880    
          58  0.1666000      0.1724800      0.1734000    
          59  0.1030980      0.2577450      0.3000000    
          60  0.1090110      0.2725275      0.3000000    
          61  7.7351995E-02  0.1933800      0.3000000    
          62  3.5532996E-02  8.8832498E-02  0.1421320    
          63  7.5903997E-02  0.1897600      0.3000000    
          64  1.7859999E-02  4.4650000E-02  7.1440004E-02
          65  1.3923999E-02  3.4809999E-02  5.5695999E-02
          66  2.3114998E-02  5.7787500E-02  9.2459999E-02
          67  2.6738999E-02  6.6847503E-02  0.1069560    
          68  5.7037000E-02  0.1425925      0.2281480    
          69  0.1115050      0.2787625      0.3000000    
          70  0.1099410      0.2748525      0.3000000    
          71  7.4590996E-02  0.1864775      0.2983640    
          72  6.0490999E-02  0.1512275      0.2419640    
          73  1.4915999E-02  3.7289999E-02  5.9664000E-02
          74  3.2324996E-02  8.0812499E-02  0.1293000    
          75  3.3145998E-02  8.2865000E-02  0.1325840    
          76  5.8800001E-02  6.5752499E-02  6.1200000E-02
          77  3.0064998E-02  7.5162500E-02  0.1202600    
          78  8.4352992E-02  0.2108825      0.3000000    
          79  0.1184790      0.2961975      0.3000000    
          80  0.2744000      0.2865325      0.2856000    
          81  9.2941992E-02  0.2323550      0.3000000    
          82  2.6537998E-02  6.6344999E-02  0.1061520    
          83  9.9999998E-03  2.4994999E-02  3.9992001E-02
          84  3.9224997E-02  9.8062500E-02  0.1569000    
          85  6.7213997E-02  0.1680350      0.2688560    
          86  1.7191999E-02  4.2980000E-02  6.8768002E-02
          87  5.8800001E-02  6.2934995E-02  6.1200000E-02
          88  4.9418997E-02  0.1235475      0.1976760    
          89  0.1182820      0.2957050      0.3000000    
          90  0.1171010      0.2927525      0.3000000    
          91  8.8977993E-02  0.2224450      0.3000000    
          92  2.2143999E-02  5.5360001E-02  8.8576004E-02
          93  9.9999998E-03  2.2870000E-02  3.6592003E-02
          94  2.2737999E-02  5.6845002E-02  9.0952002E-02
          95  4.6764996E-02  0.1169125      0.1870600    
          96  3.3211999E-02  8.3030000E-02  0.1328480    
          97  1.0533999E-02  2.6334997E-02  4.2135995E-02
          98  3.2070998E-02  8.0177501E-02  0.1282840    
          99  0.1040560      0.2601400      0.3000000    
         100  0.1127600      0.2819000      0.3000000    
         101  4.3001998E-02  0.1075050      0.1720080    
         102  1.7679000E-02  4.4197503E-02  7.0716009E-02
         103  1.2979998E-02  3.2449998E-02  5.1919997E-02
         104  6.3428000E-02  0.1585700      0.2537120    
         105  2.6461001E-02  6.6152506E-02  0.1058440    
         106  1.6385999E-02  4.0964998E-02  6.5544002E-02
         107  3.3306666E-02  8.3266668E-02  0.1332267    
         108  3.2680999E-02  8.1702501E-02  0.1307240    
         109  3.3602666E-02  8.4006667E-02  0.1344107    
         110  4.8678678E-02  0.1216967      0.1947147    
         111  4.2796995E-02  0.1069925      0.1711880    
         112  3.3016998E-02  8.2542501E-02  0.1320680    
         113  2.1453999E-02  5.3635001E-02  8.5816003E-02
         114  1.2858000E-02  3.2145001E-02  5.1432002E-02
         115  4.2818677E-02  0.1070467      0.1712747    
         116  5.7880994E-02  0.1447025      0.2315240    
         117  5.7567999E-02  0.1439200      0.2302720    
         118  5.1965997E-02  0.1299150      0.2078640    
         119  2.7649997E-02  6.9124997E-02  0.1106000    
         120  1.1791999E-02  2.9479999E-02  4.7167998E-02
         121  4.9253318E-02  0.1231333      0.1970133    
         122  5.2346997E-02  0.1308675      0.2093880    
         123  5.5683997E-02  0.1392100      0.2227360    
         124  5.5971000E-02  0.1399275      0.2238840    
         125  5.2322999E-02  0.1308075      0.2092920    
         126  2.5866998E-02  6.4667501E-02  0.1034680    
         127  1.3286999E-02  3.3217501E-02  5.3148001E-02
         128  3.8039997E-02  9.5100001E-02  0.1521600    
         129  4.1572999E-02  0.1039325      0.1662920    
         130  4.2296000E-02  0.1057400      0.1691840    
         131  3.1098999E-02  7.7747501E-02  0.1243960    
         132  2.6067000E-02  6.5167502E-02  0.1042680    
         133  3.8891997E-02  9.7229995E-02  0.1555680    
         134  2.8877998E-02  7.2195001E-02  0.1155120    
         135  1.3597999E-02  3.3994999E-02  5.4391999E-02
         136  3.0269997E-02  7.5674996E-02  0.1210800    
         137  1.4407999E-02  3.6020000E-02  5.7631999E-02
         138  1.5565000E-02  3.8912501E-02  6.2260002E-02
         139  2.5491999E-02  6.3730001E-02  0.1019680    
         140  3.2998994E-02  8.2497492E-02  0.1319960    
         141  3.9991997E-02  9.9979997E-02  0.1599680    
         142  4.0261995E-02  0.1006550      0.1610480    
         143  1.4272001E-02  3.5680003E-02  5.7088006E-02
         144  1.8658997E-02  4.6647497E-02  7.4635997E-02
         145  1.0147999E-02  2.5369998E-02  4.0591996E-02
         146  1.2595998E-02  3.1489998E-02  5.0383996E-02
         147  1.1142999E-02  2.7857499E-02  4.4571999E-02
         148  1.9466998E-02  4.8667498E-02  7.7868000E-02
         149  9.7999997E-02  8.9907497E-02  0.1020000    
         150  9.7999997E-02  7.0677504E-02  0.1020000    
         151  2.4007998E-02  6.0020000E-02  9.6032001E-02
         152  2.4133330E-02  6.0333330E-02  9.6533328E-02
         153  2.9301995E-02  7.3254995E-02  0.1172080    
         154  9.9999998E-03  2.0700000E-02  3.3120003E-02
         155  1.1503000E-02  2.8757501E-02  4.6012003E-02
         156  1.3839999E-02  3.4600001E-02  5.5360001E-02
         157  9.9999998E-03  1.8345000E-02  2.9352000E-02
         158  1.5387999E-02  3.8470000E-02  6.1551999E-02
         159  2.6417000E-02  6.6042505E-02  0.1056680    
         160  3.3700999E-02  8.4252499E-02  0.1348040    
         161  2.1483000E-02  5.3707503E-02  8.5932009E-02
         162  1.6174000E-02  4.0435001E-02  6.4696006E-02
         163  2.6322000E-02  6.5805003E-02  0.1052880    
         164  4.8999999E-02  5.3967502E-02  5.0999999E-02
         165  2.5053997E-02  6.2634997E-02  0.1002160    
         166  1.3986000E-02  3.4965001E-02  5.5944003E-02
         167  1.8569998E-02  4.6425000E-02  7.4280001E-02
         168  1.3299000E-02  3.3247501E-02  5.3196002E-02
         169  1.9239997E-02  4.8099998E-02  7.6959997E-02
         170  1.1430999E-02  2.8577499E-02  4.5724001E-02
         171  1.5125998E-02  3.7814997E-02  6.0503997E-02
         172  2.7629999E-02  6.9075003E-02  0.1105200    
         173  2.2286998E-02  5.5717498E-02  8.9148000E-02
         174  1.1242999E-02  2.8107500E-02  4.4971999E-02
         175  1.4955999E-02  3.7390001E-02  5.9824001E-02
         176  3.4225997E-02  8.5565001E-02  0.1369040    
         177  2.9015997E-02  7.2540000E-02  0.1160640    
         178  3.4061998E-02  8.5155003E-02  0.1362480    
         179  2.8960997E-02  7.2402500E-02  0.1158440    
         180  1.9600999E-02  4.9002498E-02  7.8404002E-02
         181  3.7929997E-02  9.4825000E-02  0.1517200    
         182  8.8200003E-02  9.7722501E-02  9.1799997E-02
         183  1.3573999E-02  3.3934999E-02  5.4295998E-02
         184  1.9308999E-02  4.8272502E-02  7.7236004E-02
         185  4.1811999E-02  0.1045300      0.1672480    
         186  8.8200003E-02  9.2610002E-02  9.1799997E-02
         187  3.8711999E-02  9.6780002E-02  0.1548480    
         188  2.8034000E-02  7.0085004E-02  0.1121360    
         189  2.9475996E-02  7.3689997E-02  0.1179040    
         190  3.6531996E-02  9.1329999E-02  0.1461280    
         191  4.9695998E-02  0.1242400      0.1987840    
         192  3.7451997E-02  9.3630001E-02  0.1498080    
         193  6.8599999E-02  7.4090004E-02  7.1400002E-02
         194  2.1444999E-02  5.3612500E-02  8.5780002E-02
         195  2.7274000E-02  6.8185002E-02  0.1090960    
         196  3.2168996E-02  8.0422498E-02  0.1286760    
         197  2.1016000E-02  5.2540001E-02  8.4063999E-02
         198  3.8175996E-02  9.5440000E-02  0.1527040    
         199  1.7638000E-02  4.4095002E-02  7.0552006E-02
         200  1.5843999E-02  3.9609998E-02  6.3376002E-02
         201  3.2267999E-02  8.0669999E-02  0.1290720    
         202  3.4738000E-02  8.6845003E-02  0.1389520    
         203  2.3692999E-02  5.9232503E-02  9.4772004E-02
         204  4.3176997E-02  0.1079425      0.1727080    
         205  3.8698997E-02  9.6747503E-02  0.1547960    
         206  3.5912000E-02  8.9780003E-02  0.1436480    
         207  1.5385999E-02  3.8465001E-02  6.1544001E-02
         208  3.1963997E-02  7.9909995E-02  0.1278560    
         209  5.3521000E-02  0.1338025      0.2140840    
         210  3.8803998E-02  9.7010002E-02  0.1552160    
         211  3.3613998E-02  8.4035002E-02  0.1344560    
         212  5.2416001E-02  0.1310400      0.2096640    
         213  0.1162660      0.2906650      0.3000000    
         214  0.1176980      0.2942450      0.3000000    
         215  0.1168520      0.2921300      0.3000000    
         216  4.7315996E-02  0.1182900      0.1892640    
         217  8.6217992E-02  0.2155450      0.3000000    
         218  0.1086980      0.2717450      0.3000000    
         219  0.1162420      0.2906050      0.3000000    
         220  0.1180340      0.2950850      0.3000000    
         221  7.2611995E-02  0.1815300      0.2904480    
         222  6.1543997E-02  0.1538600      0.2461760    
         223  4.7677997E-02  0.1191950      0.1907120    
         224  5.9840996E-02  0.1496025      0.2393640    
         225  0.1062210      0.2655525      0.3000000    
         226  0.1151720      0.2879300      0.3000000    
         227  0.1016240      0.2540600      0.3000000    
         228  9.5403992E-02  0.2385100      0.3000000    
         229  6.7955993E-02  0.1698900      0.2718240    
         230  3.9428994E-02  9.8572493E-02  0.1577160    
         231  3.6778998E-02  9.1947496E-02  0.1471160    
         232  6.8660997E-02  0.1716525      0.2746440    
         233  0.1075480      0.2688700      0.3000000    
         234  5.7127997E-02  0.1428200      0.2285120    
         235  8.7678991E-02  0.2191975      0.3000000    
         236  9.0239994E-02  0.2256000      0.3000000    
         237  7.1186997E-02  0.1779675      0.2847480    
         238  3.7379995E-02  9.3449995E-02  0.1495200    
         239  5.3328000E-02  0.1333200      0.2133120    
         240  8.4538996E-02  0.2113475      0.3000000    
         241  4.8619997E-02  0.1215500      0.1944800    
         242  3.5354998E-02  8.8387504E-02  0.1414200    
         243  5.0536998E-02  0.1263425      0.2021480    
         244  7.1981996E-02  0.1799550      0.2879280    
         245  8.1542991E-02  0.2038575      0.3000000    
         246  9.1140002E-02  0.2317125      9.4860002E-02
         247  0.1274000      0.1360075      0.1326000    
         248  8.0328993E-02  0.2008225      0.3000000    
         249  2.5701998E-02  6.4254999E-02  0.1028080    
         250  3.6231998E-02  9.0580001E-02  0.1449280    
         251  5.6626994E-02  0.1415675      0.2265080    
         252  7.6212995E-02  0.1905325      0.3000000    
         253  9.2274994E-02  0.2306875      0.3000000    
         254  8.2086995E-02  0.2052175      0.3000000    
         255  9.9196993E-02  0.2479925      0.3000000    
         256  6.7029998E-02  0.1675750      0.2681200    
         257  5.6745995E-02  0.1418650      0.2269840    
         258  3.7815001E-02  9.4537504E-02  0.1512600    
         259  1.5964000E-02  3.9910004E-02  6.3856006E-02
         260  7.8400001E-02  7.7050000E-02  8.1600003E-02
         261  4.5092996E-02  0.1127325      0.1803720    
         262  6.0089994E-02  0.1502250      0.2403600    
         263  9.8718993E-02  0.2467975      0.3000000    
         264  0.1050470      0.2626175      0.3000000    
         265  9.0543993E-02  0.2263600      0.3000000    
         266  0.1009400      0.2523500      0.3000000    
         267  5.9903000E-02  0.1497575      0.2396120    
         268  3.7793998E-02  9.4485000E-02  0.1511760    
         269  1.2303999E-02  3.0760000E-02  4.9215999E-02
         270  1.3245999E-02  3.3115000E-02  5.2983999E-02
         271  5.1564995E-02  0.1289125      0.2062600    
         272  7.9039998E-02  0.1976000      0.3000000    
         273  8.1835993E-02  0.2045900      0.3000000    
         274  9.3846992E-02  0.2346175      0.3000000    
         275  0.1075940      0.2689850      0.3000000    
         276  0.1007710      0.2519275      0.3000000    
         277  5.7527997E-02  0.1438200      0.2301120    
         278  0.1176000      0.1214950      0.1224000    
         279  2.6726998E-02  6.6817500E-02  0.1069080    
         280  1.7694000E-02  4.4235002E-02  7.0776008E-02
         281  5.0717995E-02  0.1267950      0.2028720    
         282  0.1666000      0.1741875      0.1734000    
         283  8.6893998E-02  0.2172350      0.3000000    
         284  7.8923993E-02  0.1973100      0.3000000    
         285  0.1116340      0.2790850      0.3000000    
         286  0.1027950      0.2569875      0.3000000    
         287  8.4763996E-02  0.2119100      0.3000000    
         288  0.1862000      0.1906300      0.1938000    
         289  3.8961999E-02  9.7405002E-02  0.1558480    
         290  4.1819997E-02  0.1045500      0.1672800    
         291  4.5724995E-02  0.1143125      0.1829000    
         292  3.5419997E-02  8.8550001E-02  0.1416800    
         293  4.0691998E-02  0.1017300      0.1627680    
         294  7.9137996E-02  0.1978450      0.3000000    
         295  0.1161550      0.2903875      0.3000000    
         296  0.1158140      0.2895350      0.3000000    
         297  0.1107010      0.2767525      0.3000000    
         298  8.8424996E-02  0.2210625      0.3000000    
         299  4.4820998E-02  0.1120525      0.1792840    
         300  6.3019998E-02  0.1575500      0.2520800    
         301  0.1064040      0.2660100      0.3000000    
         302  0.1172740      0.2931850      0.3000000    
         303  0.1191260      0.2978150      0.3000000    
         304  0.1148740      0.2871850      0.3000000    
         305  4.8837997E-02  0.1220950      0.1953520    
         306  4.9447998E-02  0.1236200      0.1977920    
         307  3.3279996E-02  8.3200000E-02  0.1331200    
         308  5.6927998E-02  0.1423200      0.2277120    
         309  6.6224992E-02  0.1655625      0.2649000    
         310  6.4113997E-02  0.1602850      0.2564560    
         311  5.4879997E-02  0.1372000      0.2195200    
         312  5.1769998E-02  0.1294250      0.2070800    
         313  3.4784000E-02  8.6960003E-02  0.1391360    
         314  5.1531997E-02  0.1288300      0.2061280    
         315  7.6815993E-02  0.1920400      0.3000000    
         316  7.7626996E-02  0.1940675      0.3000000    
         317  7.8740999E-02  0.1968525      0.3000000    
         318  5.6367997E-02  0.1409200      0.2254720    
         319  9.9999998E-03  1.6000001E-02  2.5600001E-02
         320  2.3740998E-02  5.9352499E-02  9.4963998E-02
         321  3.9744996E-02  9.9362493E-02  0.1589800    
         322  6.9070995E-02  0.1726775      0.2762840    
         323  8.2908995E-02  0.2072725      0.3000000    
         324  7.8190997E-02  0.1954775      0.3000000    
         325  6.9945000E-02  0.1748625      0.2797800    
         326  1.3609000E-02  3.4022503E-02  5.4436006E-02
         327  2.2563998E-02  5.6410000E-02  9.0255998E-02
         328  3.9701995E-02  9.9254996E-02  0.1588080    
         329  7.5208001E-02  0.1880200      0.3000000    
         330  7.2048992E-02  0.1801225      0.2881960    
         331  5.1674996E-02  0.1291875      0.2067000    
         332  5.5971000E-02  0.1399275      0.2238840    
         333  2.5893999E-02  6.4735003E-02  0.1035760    
         334  1.7803999E-02  4.4509999E-02  7.1216002E-02
         335  4.5500997E-02  0.1137525      0.1820040    
         336  6.3461997E-02  0.1586550      0.2538480    
         337  6.2691994E-02  0.1567300      0.2507680    
         338  0.1960000      6.2720001E-02  0.2040000    
         339  0.1274000      7.4287504E-02  0.1326000    
         340  4.6020996E-02  0.1150525      0.1840840    
         341  3.7161000E-02  9.2902504E-02  0.1486440    
         342  2.5483998E-02  6.3709997E-02  0.1019360    
         343  5.8662996E-02  0.1466575      0.2346520    
         344  6.0791995E-02  0.1519800      0.2431680    
         345  4.3957997E-02  0.1098950      0.1758320    
         346  1.1324000E-02  2.8310001E-02  4.5296002E-02
         347  4.6233997E-02  0.1155850      0.1849360    
         348  4.2287998E-02  0.1057200      0.1691520    
         349  2.2077998E-02  5.5195000E-02  8.8312000E-02
         350  2.6403997E-02  6.6009998E-02  0.1056160    
         351  5.8079995E-02  0.1452000      0.2323200    
         352  0.1372000      0.1432325      0.1428000    
         353  5.7009999E-02  0.1425250      0.2280400    
         354  3.8511995E-02  9.6279994E-02  0.1540480    
         355  3.7433997E-02  9.3584999E-02  0.1497360    
         356  3.1236999E-02  7.8092501E-02  0.1249480    
         357  5.0871000E-02  0.1271775      0.2034840    
         358  2.4211999E-02  6.0529999E-02  9.6848004E-02
         359  3.2568000E-02  8.1420004E-02  0.1302720    
         360  6.8525992E-02  0.1713150      0.2741040    
         361  6.2853992E-02  0.1571350      0.2514160    
         362  5.8247998E-02  0.1456200      0.2329920    
         363  4.0302999E-02  0.1007575      0.1612120    
         364  4.9531996E-02  0.1238300      0.1981280    
         365  4.0032998E-02  0.1000825      0.1601320    
         366  7.6086991E-02  0.1902175      0.3000000    
         367  9.9999998E-03  2.1384999E-02  3.4215998E-02
         368  3.6201999E-02  9.0505004E-02  0.1448080    
         369  7.2784998E-02  0.1819625      0.2911400    
         370  0.1568000      0.1658650      0.1632000    
         371  4.6898998E-02  0.1172475      0.1875960    
         372  4.3978997E-02  0.1099475      0.1759160    
         373  4.9552999E-02  0.1238825      0.1982120    
         374  0.1568000      0.1617325      0.1632000    
         375  6.9478996E-02  0.1736975      0.2779160    
         376  1.6657999E-02  4.1644998E-02  6.6631995E-02
         377  2.9025996E-02  7.2564997E-02  0.1161040    
         378  4.8418995E-02  0.1210475      0.1936760    
         379  5.4248996E-02  0.1356225      0.2169960    
         380  0.1078000      0.1085600      0.1122000    
         381  4.9761996E-02  0.1244050      0.1990480    
         382  6.4714000E-02  0.1617850      0.2588560    
         383  6.7580000E-02  0.1689500      0.2703200    
         384  6.1505992E-02  0.1537650      0.2460240    
         385  9.9999998E-03  1.9959999E-02  3.1936001E-02
         386  1.3859998E-02  3.4649998E-02  5.5439997E-02
         387  4.6390999E-02  0.1159775      0.1855640    
         388  5.1877998E-02  0.1296950      0.2075120    
         389  4.6799995E-02  0.1170000      0.1872000    
         390  5.6419995E-02  0.1410500      0.2256800    
         391  5.7895996E-02  0.1447400      0.2315840    
         392  4.6525996E-02  0.1163150      0.1861040    
         393  6.0537998E-02  0.1513450      0.2421520    
         394  3.0991999E-02  7.7480003E-02  0.1239680    
         395  3.4127995E-02  8.5319996E-02  0.1365120    
         396  4.7287997E-02  0.1182200      0.1891520    
         397  9.9999998E-03  1.3414999E-02  2.1463998E-02
         398  3.3895995E-02  8.4739998E-02  0.1355840    
         399  3.3063997E-02  8.2659997E-02  0.1322560    
         400  7.6771997E-02  0.1919300      0.3000000    
         401  6.8637997E-02  0.1715950      0.2745520    
         402  1.7814998E-02  4.4537496E-02  7.1259998E-02
         403  1.8461000E-02  4.6152502E-02  7.3844008E-02
         404  5.2015997E-02  0.1300400      0.2080640    
         405  0.1163680      0.2909200      0.3000000    
         406  0.1153370      0.2883425      0.3000000    
         407  7.2343998E-02  0.1808600      0.2893760    
         408  3.5291996E-02  8.8229999E-02  0.1411680    
         409  3.1582996E-02  7.8957498E-02  0.1263320    
         410  2.7461998E-02  6.8654999E-02  0.1098480    
         411  0.1172000      0.2930000      0.3000000    
         412  0.1000400      0.2501000      0.3000000    
         413  9.8401994E-02  0.2460050      0.3000000    
         414  0.1111550      0.2778875      0.3000000    
         415  7.0756994E-02  0.1768925      0.2830280    
         416  4.4253998E-02  0.1106350      0.1770160    
         417  4.3219998E-02  0.1080500      0.1728800    
         418  6.8895996E-02  0.1722400      0.2755840    
         419  0.1067310      0.2668275      0.3000000    
         420  0.1136090      0.2840225      0.3000000    
         421  0.1009250      0.2523125      0.3000000    
         422  9.2928991E-02  0.2323225      0.3000000    
         423  6.8327993E-02  0.1708200      0.2733120    
         424  4.7893997E-02  0.1197350      0.1915760    
         425  7.8427993E-02  0.1960700      0.3000000    
         426  5.1245995E-02  0.1281150      0.2049840    
         427  6.4345993E-02  0.1608650      0.2573840    
         428  5.9057996E-02  0.1476450      0.2362320    
         429  9.2033997E-02  0.2300850      0.3000000    
         430  0.2254000      0.2174575      0.2346000    
         431  0.1046270      0.2615675      0.3000000    
         432  7.5515993E-02  0.1887900      0.3000000    
         433  0.1075780      0.2689450      0.3000000    
         434  7.6500997E-02  0.1912525      0.3000000    
         435  5.2227996E-02  0.1305700      0.2089120    
         436  2.1816997E-02  5.4542497E-02  8.7267995E-02
         437  5.2205995E-02  0.1305150      0.2088240    
         438  6.8136998E-02  0.1703425      0.2725480    
         439  6.7774996E-02  0.1694375      0.2711000    
         440  9.1358997E-02  0.2283975      0.3000000    
         441  0.1144620      0.2861550      0.3000000    
         442  0.1175730      0.2939325      0.3000000    
         443  0.1178460      0.2946150      0.3000000    
         444  0.2352000      0.2430075      0.2448000    
         445  6.3756995E-02  0.1593925      0.2550280    
         446  3.9924998E-02  9.9812500E-02  0.1597000    
         447  2.6109997E-02  6.5274999E-02  0.1044400    
         448  3.5309996E-02  8.8275000E-02  0.1412400    
         449  4.0030997E-02  0.1000775      0.1601240    
         450  8.7725997E-02  0.2193150      0.3000000    
         451  0.1170540      0.2926350      0.3000000    
         452  0.1155150      0.2887875      0.3000000    
         453  0.1123360      0.2808400      0.3000000    
         454  8.1155993E-02  0.2028900      0.3000000    
         455  7.5817995E-02  0.1895450      0.3000000    
         456  5.5081997E-02  0.1377050      0.2203280    
         457  5.2324995E-02  0.1308125      0.2093000    
         458  4.1321997E-02  0.1033050      0.1652880    
         459  2.1581998E-02  5.3955000E-02  8.6328000E-02
         460  2.4856998E-02  6.2142499E-02  9.9427998E-02
         461  5.9533998E-02  0.1488350      0.2381360    
         462  0.2548000      0.2645275      0.2652000    
         463  0.1081230      0.2703075      0.3000000    
         464  8.7727994E-02  0.2193200      0.3000000    
         465  9.4242997E-02  0.2356075      0.3000000    
         466  9.7697988E-02  0.2442450      0.3000000    
         467  7.3718995E-02  0.1842975      0.2948760    
         468  2.5357999E-02  6.3395001E-02  0.1014320    
         469  2.1973999E-02  5.4935001E-02  8.7896004E-02
         470  3.1335998E-02  7.8340001E-02  0.1253440    
         471  5.6460995E-02  0.1411525      0.2258440    
         472  7.0298992E-02  0.1757475      0.2811960    
         473  0.1001110      0.2502775      0.3000000    
         474  0.1146220      0.2865550      0.3000000    
         475  0.1133610      0.2834025      0.3000000    
         476  0.1155620      0.2889050      0.3000000    
         477  6.9831990E-02  0.1745800      0.2793280    
         478  5.4602996E-02  0.1365075      0.2184120    
         479  4.2451996E-02  0.1061300      0.1698080    
         480  4.6531998E-02  0.1163300      0.1861280    
         481  6.3696995E-02  0.1592425      0.2547880    
         482  8.5476995E-02  0.2136925      0.3000000    
         483  8.4614992E-02  0.2115375      0.3000000    
         484  8.8815995E-02  0.2220400      0.3000000    
         485  4.1791998E-02  0.1044800      0.1671680    
         486  8.5911997E-02  0.2147800      0.3000000    
         487  8.0619998E-02  0.2015500      0.3000000    
         488  9.2239991E-02  0.2306000      0.3000000    
         489   343.0528       857.6321       1000.000    
         490   26.74037       66.85093       106.9615    
         491   6.991348       17.47837       27.96539    
         492   3.373358       8.433396       13.49343    
         493   151.8154       379.5385       607.2617    
         494   380.2590       950.6475       1000.000    
         495   214.6893       536.7234       858.7574    
         496   11.39614       28.49036       45.58458    
         497   70.72520       176.8130       282.9008    
         498   7.478032       18.69508       29.91213    
         499   106.6689       266.6723       426.6757    
         500   226.5048       566.2621       906.0193    
         501   287.5271       718.8179       1000.000    
         502   19.86834       49.67086       79.47338    
         503   366.9806       917.4515       1000.000    
         504   215.3837       538.4592       861.5348    
         505   12.95521       32.38803       51.82085    
         506   12.22565       30.56413       48.90261    
         507   131.0976       327.7441       524.3906    
         508   287.4099       718.5247       1000.000    
         509   125.0478       312.6195       500.1912    
         510   260.4989       651.2474       1000.000    
         511   389.1321       972.8304       1000.000    
         512   275.6314       689.0786       1000.000    
         513   103.0442       257.6105       412.1768    
         514   7.667579       19.16895       30.67032    
         515   51.06004       127.6501       204.2402    
         516   241.3341       603.3354       965.3366    
         517   276.4456       691.1141       1000.000    
         518   237.8490       594.6225       951.3960    
         519   369.5839       923.9598       1000.000    
         520   333.1404       832.8511       1000.000    
         521   115.6766       289.1915       462.7064    
         522   33.95545       84.88863       135.8218    
         523   11.84451       29.61129       47.37806    
         524   231.6605       579.1512       926.6419    
         525   283.8141       709.5354       1000.000    
         526   248.9698       622.4246       995.8794    
         527   268.3659       670.9148       1000.000    
         528   343.1473       857.8682       1000.000    
         529   179.8740       449.6851       719.4962    
         530   127.0192       317.5479       508.0767    
         531   29.01780       21.43033       30.20220    
         532   567.6160       419.6521       590.7840    
         533   172.7323       431.8307       690.9291    
         534   3.738890       9.347226       14.95556    
         535   41.36244       103.4061       165.4498    
         536   117.2563       293.1408       469.0253    
         537   280.7309       701.8274       1000.000    
         538   305.5868       763.9669       1000.000    
         539   131.5156       328.7891       526.0626    
         540   14.02439       35.06097       56.09755    
         541   35.07383       87.68457       140.2953    
         542   344.0903       860.2258       1000.000    
         543   2.217876       5.544690       8.871505    
         544   4.876136       12.19034       19.50455    
         545   29.93475       74.83688       119.7390    
         546   239.5120       244.3695       249.2880    
         547   215.1213       537.8033       860.4853    
         548   333.1131       832.7828       1000.000    
         549   154.5892       386.4730       618.3568    
         550   21.12447       52.81117       84.49787    
         551   110.7652       276.9131       443.0609    
         552   3.241535       8.103838       12.96614    
         553   3.235037       8.087593       12.94015    
         554   1.831434       4.578585       7.325737    
         555   19.49772       48.74430       77.99088    
         556   54.61912       136.5478       218.4765    
         557   319.0791       797.6979       1000.000    
         558   374.2802       935.7007       1000.000    
         559   112.0830       280.2074       448.3318    
         560   95.36135       238.4034       381.4454    
         561   1.474225       3.685563       5.896901    
         562   6.920115       17.30029       27.68046    
         563   6.395072       15.98768       25.58029    
         564   12.77920       13.04700       13.30080    
         565   10.95520       27.38800       43.82080    
         566   185.4142       463.5356       741.6570    
         567   362.1531       905.3829       1000.000    
         568   756.0700       771.4704       786.9300    
         569   122.9212       307.3030       491.6848    
         570   2.386116       5.965290       9.544464    
         571   1.679747       4.199368       6.718989    
         572   3.830858       9.577145       15.32343    
         573   43.45968       108.6492       173.8387    
         574   5.103176       12.75794       20.41270    
         575   18.64940       19.03103       19.41060    
         576   22.93475       57.33688       91.73901    
         577   388.1737       970.4343       1000.000    
         578   277.2301       693.0752       1000.000    
         579   229.2817       573.2043       917.1269    
         580   15.90226       39.75566       63.60906    
         581   2.098451       5.246127       8.393804    
         582   2.988645       7.471612       11.95458    
         583   74.95351       187.3838       299.8141    
         584   67.08839       167.7210       268.3536    
         585   6.586400       16.46600       26.34560    
         586   28.31434       70.78585       113.2574    
         587   370.8807       927.2019       1000.000    
         588   212.8338       532.0844       851.3351    
         589   19.07368       47.68419       76.29470    
         590   5.368500       13.42125       21.47400    
         591   3.666396       9.165991       14.66559    
         592   127.2121       318.0302       508.8484    
         593   14.18466       35.46164       56.73862    
         594   16.78148       41.95370       67.12592    
         595   8.722427       21.80607       34.88971    
         596   20.74507       51.86268       82.98029    
         597   28.27987       70.69968       113.1195    
         598   44.67416       111.6854       178.6966    
         599   29.16456       72.91141       116.6583    
         600   12.36355       30.90887       49.45419    
         601   7.071611       17.67903       28.28645    
         602   7.500287       18.75072       30.00115    
         603   70.84576       177.1144       283.3830    
         604   73.98824       184.9706       295.9530    
         605   50.38367       125.9592       201.5347    
         606   34.61985       86.54962       138.4794    
         607   6.052468       15.13117       24.20987    
         608   2.157234       5.393085       8.628936    
         609   59.08107       147.7027       236.3243    
         610   66.18871       165.4718       264.7549    
         611   73.38055       183.4514       293.5222    
         612   62.54364       156.3591       250.1746    
         613   39.05690       97.64224       156.2276    
         614   7.429411       18.57353       29.71765    
         615   1.209266       3.023165       4.837064    
         616   21.48993       53.72482       85.95971    
         617   42.75208       106.8802       171.0083    
         618   40.69268       101.7317       162.7707    
         619   49.18859       122.9715       196.7544    
         620   17.80917       44.52293       71.23669    
         621   27.77021       69.42554       111.0809    
         622   6.661468       16.65367       26.64587    
         623   1.596025       3.990062       6.384099    
         624   5.916915       14.79229       23.66766    
         625   11.55334       28.88336       46.21338    
         626   4.691420       11.72855       18.76568    
         627   15.09152       37.72880       60.36609    
         628   14.73536       36.83839       58.94143    
         629   28.03498       70.08744       112.1399    
         630   9.716676       24.29169       38.86671    
         631   1.313267       3.283167       5.253067    
         632   4.889163       12.22291       19.55666    
         633   1.556751       3.891877       6.227003    
         634   2.915495       7.288738       11.66198    
         635   2.592312       6.480780       10.36925    
         636   3.933069       9.832672       15.73228    
         637   68.67840       71.63971       71.48160    
         638   23.81400       30.15802       24.78600    
         639   5.173923       12.93481       20.69570    
         640   14.26956       35.67390       57.07824    
         641   5.334232       13.33558       21.33693    
         642   2.551871       6.379678       10.20748    
         643   2.576615       6.441537       10.30646    
         644   6.087548       15.21887       24.35019    
         645  0.5000000      0.9608151       1.537304    
         646   5.870196       14.67549       23.48079    
         647   9.636752       24.09188       38.54701    
         648   5.677508       14.19377       22.71003    
         649   6.281072       15.70268       25.12429    
         650   6.124547       15.31137       24.49819    
         651   9.492859       23.73215       37.97144    
         652   15.45460       15.47325       16.08540    
         653   6.357619       15.89405       25.43048    
         654   2.594974       6.487435       10.37990    
         655   4.037172       10.09293       16.14869    
         656   2.726038       6.815095       10.90415    
         657   3.378332       8.445829       13.51333    
         658   2.141035       5.352588       8.564141    
         659   5.886851       14.71713       23.54741    
         660   15.70093       39.25232       62.80371    
         661   8.765143       21.91286       35.06058    
         662   1.721858       4.304645       6.887432    
         663   1.461619       3.654047       5.846475    
         664   5.086032       12.71508       20.34413    
         665   2.368855       5.922137       9.475419    
         666   10.45656       26.14140       41.82624    
         667   20.57736       51.44341       82.30946    
         668   9.701023       24.25256       38.80410    
         669   33.55117       83.87794       134.2047    
         670   69.96220       71.39836       72.81780    
         671   4.330823       10.82706       17.32330    
         672   3.569076       8.922690       14.27631    
         673   23.94460       59.86150       95.77840    
         674   34.16280       34.86101       35.55720    
         675   5.845712       14.61428       23.38285    
         676   13.03372       32.58431       52.13490    
         677   9.010451       22.52613       36.04181    
         678   11.87034       29.67584       47.48135    
         679   50.21696       125.5424       200.8678    
         680   34.88207       87.20518       139.5283    
         681   25.17620       25.69115       26.20380    
         682   4.954032       12.38508       19.81613    
         683   6.331528       15.82882       25.32611    
         684   8.755307       21.88827       35.02123    
         685   2.050490       5.126225       8.201961    
         686   4.642852       11.60713       18.57141    
         687   1.733753       4.334382       6.935011    
         688   1.064693       2.661732       4.258771    
         689   8.260648       20.65162       33.04259    
         690   16.17595       40.43989       64.70383    
         691   13.05105       32.62762       52.20419    
         692   21.85094       54.62735       87.40376    
         693   23.34134       58.35334       93.36535    
         694   12.84904       32.12259       51.39614    
         695   2.591108       6.477770       10.36443    
         696   7.741848       19.35462       30.96739    
         697   36.89663       92.24158       147.5865    
         698   10.05722       25.14304       40.22886    
         699   23.16865       57.92163       92.67461    
         700   41.35904       103.3976       165.4362    
         701   385.8399       964.5998       1000.000    
         702   348.1769       870.4424       1000.000    
         703   167.7768       419.4421       671.1074    
         704   164.7893       411.9732       659.1572    
         705   346.3966       865.9915       1000.000    
         706   311.2513       778.1282       1000.000    
         707   349.6973       874.2433       1000.000    
         708   141.7094       354.2735       566.8376    
         709   213.1110       532.7776       852.4442    
         710   106.9080       267.2700       427.6320    
         711   62.73124       156.8281       250.9250    
         712   135.2455       338.1137       540.9819    
         713   242.8536       607.1340       971.4144    
         714   313.2438       783.1096       1000.000    
         715   193.5272       483.8180       774.1088    
         716   70.65435       176.6359       282.6174    
         717   138.4942       346.2354       553.9767    
         718   112.3380       280.8451       449.3521    
         719   48.78652       121.9663       195.1461    
         720   98.32283       245.8071       393.2914    
         721   158.8486       397.1216       635.3946    
         722   158.2930       395.7324       633.1718    
         723   172.0741       430.1853       688.2965    
         724   124.5309       311.3273       498.1237    
         725   90.73079       226.8270       362.9232    
         726   30.81758       77.04396       123.2703    
         727   92.86983       232.1746       371.4794    
         728   82.82119       207.0530       331.2848    
         729   14.32542       35.81355       57.30168    
         730   25.93961       64.84903       103.7584    
         731   45.17452       112.9363       180.6981    
         732   82.42776       206.0694       329.7110    
         733   93.13783       232.8446       372.5514    
         734   75.49920       111.1127       78.58080    
         735   227.5560       57.92174       236.8440    
         736   102.3650       255.9124       409.4598    
         737   17.12996       42.82489       68.51983    
         738   31.29877       78.24693       125.1951    
         739   44.59956       111.4989       178.3982    
         740   61.50544       153.7636       246.0218    
         741   148.7564       371.8910       595.0256    
         742   225.6064       564.0159       902.4255    
         743   157.9110       394.7776       631.6442    
         744   28.69620       71.74049       114.7848    
         745   176.2406       440.6016       704.9626    
         746   23.26054       58.15135       93.04216    
         747   10.86364       27.15911       43.45457    
         748   48.88240       49.88157       50.87760    
         749   61.49540       153.7385       245.9816    
         750   68.00291       170.0073       272.0117    
         751   157.9138       394.7845       631.6552    
         752   141.0893       352.7232       564.3571    
         753   257.0656       642.6641       1000.000    
         754   361.5933       903.9834       1000.000    
         755   193.4116       483.5290       773.6464    
         756   50.68072       126.7018       202.7229    
         757   5.710311       14.27578       22.84125    
         758   17.02103       42.55259       68.08414    
         759   61.98272       154.9568       247.9309    
         760   130.2955       325.7388       521.1821    
         761   254.0664       635.1661       1000.000    
         762   130.6102       326.5254       522.4406    
         763   394.9598       987.3995       1000.000    
         764   383.1127       957.7819       1000.000    
         765   158.6935       396.7338       634.7741    
         766   337.0220       343.9475       350.7780    
         767   16.28185       40.70462       65.12740    
         768   17.53301       43.83252       70.13203    
         769   112.9828       282.4569       451.9311    
         770   261.7580       267.1474       272.4420    
         771   236.6826       591.7065       946.7304    
         772   237.7442       594.3605       950.9767    
         773   383.4929       958.7322       1000.000    
         774   379.1488       947.8721       1000.000    
         775   215.6855       539.2137       862.7419    
         776   517.6360       528.1791       538.7640    
         777   36.88697       92.21742       147.5479    
         778   75.69932       189.2483       302.7973    
         779   69.18372       172.9593       276.7349    
         780   34.30737       85.76842       137.2295    
         781   50.89828       127.2457       203.5931    
         782   193.7225       484.3063       774.8901    
         783   397.8200       994.5502       1000.000    
         784   384.5668       961.4171       1000.000    
         785   368.4251       921.0628       1000.000    
         786   177.6087       444.0218       710.4349    
         787   45.26244       113.1561       181.0498    
         788   46.87600       117.1900       187.5040    
         789   384.7140       961.7850       1000.000    
         790   395.4698       988.6746       1000.000    
         791   397.7305       994.3264       1000.000    
         792   393.3033       983.2583       1000.000    
         793   17.42520       43.56300       69.70080    
         794   13.08837       32.72092       52.35347    
         795   27.60584       69.01460       110.4234    
         796   61.73936       154.3484       246.9574    
         797   133.6132       334.0331       534.4530    
         798   147.3786       368.4465       589.5144    
         799   71.42847       178.5712       285.7139    
         800   83.62811       209.0703       334.5125    
         801   14.45406       36.13516       57.81625    
         802   29.38109       73.45273       117.5244    
         803   164.6911       411.7278       658.7645    
         804   170.2325       425.5812       680.9299    
         805   198.4719       496.1798       793.8877    
         806   57.83680       144.5920       231.3472    
         807  0.8808639       2.202160       3.523456    
         808   5.724771       14.31193       22.89909    
         809   11.24207       28.10519       44.96830    
         810   151.8191       379.5478       607.2765    
         811   193.6067       484.0167       774.4267    
         812   165.0388       412.5970       660.1552    
         813   90.27431       225.6858       361.0973    
         814   1.629913       4.074782       6.519651    
         815   1.716529       4.291323       6.866117    
         816   31.79912       79.49780       127.1965    
         817   99.78115       249.4529       399.1246    
         818   95.87271       239.6818       383.4909    
         819   59.15508       147.8877       236.6203    
         820   96.11012       240.2753       384.4405    
         821  0.6320320       1.580080       2.528128    
         822   1.120442       2.801105       4.481768    
         823   40.48576       101.2144       161.9430    
         824   69.94643       174.8661       279.7858    
         825   67.28600       168.2150       269.1440    
         826   234.9060       32.27584       244.4940    
         827   144.9420       53.77948       150.8580    
         828   16.97007       42.42518       67.88029    
         829   3.229810       8.074525       12.91924    
         830   9.966047       24.91512       39.86419    
         831   106.5876       266.4690       426.3504    
         832   45.63708       114.0927       182.5483    
         833   13.33385       33.33462       53.33540    
         834   10.22401       25.56003       40.89605    
         835   19.06617       47.66543       76.26469    
         836   18.91544       47.28861       75.66177    
         837   10.72675       26.81687       42.90699    
         838   6.135280       15.33820       24.54112    
         839   40.39428       100.9857       161.5771    
         840   247.5480       252.5683       257.6520    
         841   87.18480       217.9620       348.7392    
         842   11.61438       29.03596       46.45753    
         843   26.42859       66.07147       105.7144    
         844   21.61679       54.04197       86.46716    
         845   59.89680       149.7420       239.5872    
         846   8.488771       21.22193       33.95509    
         847   11.12761       27.81902       44.51043    
         848   62.19495       155.4874       248.7798    
         849   120.0515       300.1288       480.2061    
         850   103.5412       258.8531       414.1649    
         851   8.102123       20.25531       32.40850    
         852   15.53377       38.83442       62.13507    
         853   46.32088       115.8022       185.2835    
         854   194.4045       486.0112       777.6179    
         855   5.169924       12.92481       20.67970    
         856   5.431032       13.57758       21.72413    
         857   126.0012       315.0029       504.0046    
         858   474.7120       484.2980       494.0880    
         859   52.17979       130.4495       208.7192    
         860   15.61164       39.02909       62.44654    
         861   39.55457       98.88642       158.2183    
         862   379.6520       387.4178       395.1480    
         863   155.3948       388.4870       621.5792    
         864   2.439092       6.097730       9.756369    
         865   3.875966       9.689915       15.50386    
         866   34.53516       86.33790       138.1406    
         867   95.13531       237.8383       380.5413    
         868   153.7620       156.8700       160.0380    
         869   62.42427       156.0607       249.6971    
         870   152.2188       380.5471       608.8754    
         871   187.7166       469.2914       750.8663    
         872   117.4373       293.5933       469.7493    
         873   1.024576       2.561440       4.098304    
         874   2.888270       7.220675       11.55308    
         875   20.69686       51.74214       82.78743    
         876   38.16051       95.40128       152.6421    
         877   56.22428       140.5607       224.8971    
         878   109.3775       273.4438       437.5101    
         879   121.0548       302.6371       484.2193    
         880   59.96536       149.9134       239.8615    
         881   8.028179       20.07045       32.11272    
         882   11.16929       27.92323       44.67717    
         883   13.00890       32.52225       52.03560    
         884   42.42228       106.0557       169.6891    
         885   2.817940       7.044850       11.27176    
         886   16.80507       42.01269       67.22031    
         887   146.9129       367.2823       587.6517    
         888   76.60427       191.5107       306.4171    
         889   7.491803       18.72951       29.96721    
         890   2.232195       5.580488       8.928782    
         891   5.593744       13.98436       22.37498    
         892   28.82303       72.05758       115.2921    
         893   353.1653       882.9132       1000.000    
         894   285.1249       712.8123       1000.000    
         895   126.0738       315.1846       504.2954    
         896   9.523407       23.80852       38.09363    
         897   14.46371       36.15927       57.85484    
         898   6.954659       17.38665       27.81864    
         899   398.4106       996.0267       1000.000    
         900   361.6730       904.1825       1000.000    
         901   297.3098       743.2745       1000.000    
         902   201.5931       503.9827       806.3723    
         903   59.51856       148.7964       238.0742    
         904   28.53289       71.33223       114.1316    
         905   126.7364       316.8410       506.9456    
         906   270.4441       676.1102       1000.000    
         907   365.1468       912.8670       1000.000    
         908   390.4658       976.1646       1000.000    
         909   376.5844       941.4612       1000.000    
         910   294.7065       736.7664       1000.000    
         911   89.05676       222.6419       356.2271    
         912   73.98116       184.9529       295.9247    
         913   229.5648       573.9122       918.2595    
         914   144.8492       362.1231       579.3970    
         915   87.77755       219.4439       351.1102    
         916   81.03756       202.5939       324.1502    
         917   286.1148       715.2871       1000.000    
         918   722.0640       873.9190       751.5360    
         919   389.4312       973.5781       1000.000    
         920   283.5014       708.7536       1000.000    
         921   353.3666       883.4165       1000.000    
         922   371.1567       927.8918       1000.000    
         923   257.1845       642.9614       1000.000    
         924   81.12035       202.8009       324.4814    
         925   132.3351       330.8379       529.3406    
         926   309.3255       773.3139       1000.000    
         927   262.3317       655.8292       1000.000    
         928   358.6819       896.7048       1000.000    
         929   384.8577       962.1442       1000.000    
         930   334.8189       837.0474       1000.000    
         931   328.6721       821.6803       1000.000    
         932   704.4240       718.7553       733.1760    
         933   190.8343       477.0858       763.3373    
         934   58.48892       146.2223       233.9557    
         935   41.67120       104.1780       166.6848    
         936   157.8825       394.7063       631.5301    
         937   149.5379       373.8448       598.1517    
         938   136.0821       340.2053       544.3285    
         939   216.7920       541.9799       867.1679    
         940   238.5217       596.3043       954.0869    
         941   381.0902       952.7255       1000.000    
         942   244.2850       610.7126       977.1401    
         943   213.1650       532.9125       852.6600    
         944   123.7192       309.2980       494.8768    
         945   41.82000       104.5500       167.2800    
         946   164.3800       410.9500       657.5200    
         947   8.231739       20.57935       32.92696    
         948   16.35199       40.87998       65.40797    
         949   19.80929       49.52322       79.23715    
         950   583.1980       595.1486       607.0020    
         951   317.0548       792.6371       1000.000    
         952   357.6062       894.0155       1000.000    
         953   337.2216       843.0540       1000.000    
         954   322.3591       805.8978       1000.000    
         955   105.8221       264.5553       423.2885    
         956   47.81924       119.5481       191.2770    
         957   13.67394       34.18485       54.69576    
         958   8.774912       21.93728       35.09965    
         959   81.70455       204.2614       326.8182    
         960   156.0996       390.2490       624.3984    
         961   354.5759       886.4398       1000.000    
         962   393.6120       984.0300       1000.000    
         963   394.9456       987.3640       1000.000    
         964   385.8908       964.7271       1000.000    
         965   69.76408       174.4102       279.0563    
         966   55.99683       139.9921       223.9874    
         967   80.40040       201.0010       321.6016    
         968   51.03860       127.5965       204.1544    
         969   66.73720       166.8430       266.9488    
         970   185.0401       462.6003       740.1605    
         971   160.3728       400.9320       641.4912    
         972   386.4078       966.0195       1000.000    
         973   128.6089       321.5222       514.4355    
         974   151.7430       379.3574       606.9719    
         975   168.0595       420.1488       672.2381    
         976   268.4284       671.0710       1000.000    
