  0.0000000E+00
  0.0000000E+00
  0.0000000E+00
  0.0000000E+00
  0.0000000E+00
  0.0000000E+00
  0.0000000E+00
  0.1083240    
  7.3965997E-02
  2.1512000E-02
  0.0000000E+00
  0.0000000E+00
  0.0000000E+00
  0.0000000E+00
  0.0000000E+00
  2.0138666E-02
  7.5067997E-02
  0.1131990    
  8.9026995E-02
  3.2295998E-02
  0.0000000E+00
  0.0000000E+00
  0.0000000E+00
  0.0000000E+00
  6.1756000E-02
  5.9699997E-02
  4.7125999E-02
  9.0515994E-02
  0.1103090    
  6.8558000E-02
  0.0000000E+00
  0.0000000E+00
  0.0000000E+00
  0.1018173    
  8.9416996E-02
  7.4831992E-02
  3.0583996E-02
  5.4382000E-02
  0.1144060    
  7.2381996E-02
  0.0000000E+00
  0.0000000E+00
  8.1583999E-02
  0.1105540    
  9.0851992E-02
  8.1503995E-02
  3.7795998E-02
  2.2585999E-02
  9.5600992E-02
  9.8608993E-02
  0.0000000E+00
  0.0000000E+00
  7.2987996E-02
  8.9132994E-02
  0.1012610    
  6.0646996E-02
  7.5292997E-02
  9.0159997E-02
  0.1568000    
  0.1029450    
  0.0000000E+00
  0.0000000E+00
  6.5805994E-02
  6.3450992E-02
  0.1116850    
  6.4839996E-02
  5.8348998E-02
  5.5105999E-02
  6.2412996E-02
  9.0700999E-02
  0.0000000E+00
  9.9999998E-03
  3.2397997E-02
  6.1180998E-02
  0.1008120    
  0.1086570    
  5.8772996E-02
  5.3668998E-02
  4.2586997E-02
  7.8507997E-02
  0.0000000E+00
  9.9999998E-03
  1.7944997E-02
  2.6447000E-02
  0.1666000    
  0.1030980    
  0.1090110    
  7.7351995E-02
  3.5532996E-02
  7.5903997E-02
  0.0000000E+00
  1.7859999E-02
  1.3923999E-02
  2.3114998E-02
  2.6738999E-02
  5.7037000E-02
  0.1115050    
  0.1099410    
  7.4590996E-02
  6.0490999E-02
  0.0000000E+00
  1.4915999E-02
  3.2324996E-02
  3.3145998E-02
  5.8800001E-02
  3.0064998E-02
  8.4352992E-02
  0.1184790    
  0.2744000    
  9.2941992E-02
  2.6537998E-02
  9.9999998E-03
  3.9224997E-02
  6.7213997E-02
  1.7191999E-02
  5.8800001E-02
  4.9418997E-02
  0.1182820    
  0.1171010    
  8.8977993E-02
  2.2143999E-02
  9.9999998E-03
  2.2737999E-02
  4.6764996E-02
  3.3211999E-02
  1.0533999E-02
  3.2070998E-02
  0.1040560    
  0.1127600    
  0.0000000E+00
  0.0000000E+00
  4.3001998E-02
  1.7679000E-02
  1.2979998E-02
  6.3428000E-02
  2.6461001E-02
  1.6385999E-02
  0.0000000E+00
  0.0000000E+00
  0.0000000E+00
  0.0000000E+00
  0.0000000E+00
  0.0000000E+00
  0.0000000E+00
  0.0000000E+00
  0.0000000E+00
  0.0000000E+00
  3.3306666E-02
  3.2680999E-02
  3.3602666E-02
  0.0000000E+00
  0.0000000E+00
  0.0000000E+00
  0.0000000E+00
  0.0000000E+00
  4.8678678E-02
  4.2796995E-02
  3.3016998E-02
  2.1453999E-02
  1.2858000E-02
  0.0000000E+00
  0.0000000E+00
  0.0000000E+00
  0.0000000E+00
  4.2818677E-02
  5.7880994E-02
  5.7567999E-02
  5.1965997E-02
  2.7649997E-02
  1.1791999E-02
  0.0000000E+00
  0.0000000E+00
  0.0000000E+00
  4.9253318E-02
  5.2346997E-02
  5.5683997E-02
  5.5971000E-02
  5.2322999E-02
  2.5866998E-02
  1.3286999E-02
  0.0000000E+00
  0.0000000E+00
  3.8039997E-02
  4.1572999E-02
  4.2296000E-02
  3.1098999E-02
  2.6067000E-02
  3.8891997E-02
  2.8877998E-02
  1.3597999E-02
  0.0000000E+00
  0.0000000E+00
  3.0269997E-02
  1.4407999E-02
  1.5565000E-02
  2.5491999E-02
  3.2998994E-02
  9.7999997E-02
  9.7999997E-02
  1.4272001E-02
  0.0000000E+00
  0.0000000E+00
  1.8658997E-02
  1.0147999E-02
  1.2595998E-02
  1.1142999E-02
  1.9466998E-02
  3.5962995E-02
  2.8270999E-02
  2.4007998E-02
  0.0000000E+00
  2.4133330E-02
  2.9301995E-02
  9.9999998E-03
  1.1503000E-02
  1.3839999E-02
  9.9999998E-03
  1.5387999E-02
  2.6417000E-02
  3.3700999E-02
  0.0000000E+00
  2.1483000E-02
  1.6174000E-02
  2.6322000E-02
  4.8999999E-02
  2.5053997E-02
  1.3986000E-02
  1.8569998E-02
  1.3299000E-02
  1.9239997E-02
  0.0000000E+00
  1.1430999E-02
  1.5125998E-02
  2.7629999E-02
  2.2286998E-02
  1.1242999E-02
  1.4955999E-02
  3.4225997E-02
  2.9015997E-02
  3.4061998E-02
  0.0000000E+00
  2.8960997E-02
  1.9600999E-02
  3.7929997E-02
  8.8200003E-02
  1.3573999E-02
  1.9308999E-02
  4.1811999E-02
  8.8200003E-02
  3.8711999E-02
  2.8034000E-02
  2.9475996E-02
  3.6531996E-02
  4.9695998E-02
  3.7451997E-02
  6.8599999E-02
  2.1444999E-02
  2.7274000E-02
  3.2168996E-02
  2.1016000E-02
  3.8175996E-02
  1.7638000E-02
  1.5843999E-02
  3.2267999E-02
  3.4738000E-02
  2.3692999E-02
  4.3176997E-02
  3.8698997E-02
  3.5912000E-02
  0.0000000E+00
  0.0000000E+00
  1.5385999E-02
  3.1963997E-02
  5.3521000E-02
  3.8803998E-02
  3.3613998E-02
  5.2416001E-02
  0.0000000E+00
  0.0000000E+00
  0.0000000E+00
  0.0000000E+00
  0.0000000E+00
  0.0000000E+00
  0.0000000E+00
  0.0000000E+00
  0.0000000E+00
  0.0000000E+00
  0.0000000E+00
  0.0000000E+00
  0.0000000E+00
  0.0000000E+00
  0.0000000E+00
  0.0000000E+00
  0.0000000E+00
  0.0000000E+00
  0.0000000E+00
  0.0000000E+00
  0.1162660    
  0.1176980    
  0.1168520    
  0.0000000E+00
  0.0000000E+00
  0.0000000E+00
  0.0000000E+00
  0.0000000E+00
  4.7315996E-02
  8.6217992E-02
  0.1086980    
  0.1162420    
  0.1180340    
  0.0000000E+00
  0.0000000E+00
  0.0000000E+00
  0.0000000E+00
  7.2611995E-02
  6.1543997E-02
  4.7677997E-02
  5.9840996E-02
  0.1062210    
  0.1151720    
  0.0000000E+00
  0.0000000E+00
  0.0000000E+00
  0.1016240    
  9.5403992E-02
  6.7955993E-02
  3.9428994E-02
  3.6778998E-02
  6.8660997E-02
  0.1075480    
  0.0000000E+00
  0.0000000E+00
  0.0000000E+00
  5.7127997E-02
  8.7678991E-02
  9.0239994E-02
  7.1186997E-02
  9.1140002E-02
  0.1274000    
  8.4538996E-02
  0.0000000E+00
  0.0000000E+00
  4.8619997E-02
  3.5354998E-02
  5.0536998E-02
  7.1981996E-02
  8.1542991E-02
  9.2684999E-02
  5.4403000E-02
  8.0328993E-02
  0.0000000E+00
  0.0000000E+00
  2.5701998E-02
  3.6231998E-02
  5.6626994E-02
  7.6212995E-02
  9.2274994E-02
  8.2086995E-02
  9.9196993E-02
  6.7029998E-02
  0.0000000E+00
  5.6745995E-02
  3.7815001E-02
  1.5964000E-02
  7.8400001E-02
  4.5092996E-02
  6.0089994E-02
  9.8718993E-02
  0.1050470    
  9.0543993E-02
  0.0000000E+00
  0.1009400    
  5.9903000E-02
  3.7793998E-02
  1.2303999E-02
  1.3245999E-02
  5.1564995E-02
  7.9039998E-02
  8.1835993E-02
  9.3846992E-02
  0.0000000E+00
  0.1075940    
  0.1007710    
  5.7527997E-02
  0.1176000    
  2.6726998E-02
  1.7694000E-02
  5.0717995E-02
  0.1666000    
  8.6893998E-02
  0.0000000E+00
  7.8923993E-02
  0.1116340    
  0.1027950    
  8.4763996E-02
  0.1862000    
  3.8961999E-02
  4.1819997E-02
  4.5724995E-02
  3.5419997E-02
  0.0000000E+00
  4.0691998E-02
  7.9137996E-02
  0.1161550    
  0.1158140    
  0.1107010    
  8.8424996E-02
  4.4820998E-02
  6.3019998E-02
  0.0000000E+00
  0.0000000E+00
  0.0000000E+00
  0.0000000E+00
  0.1064040    
  0.1172740    
  0.1191260    
  0.1148740    
  0.0000000E+00
  0.0000000E+00
  0.0000000E+00
  0.0000000E+00
  0.0000000E+00
  0.0000000E+00
  0.0000000E+00
  0.0000000E+00
  0.0000000E+00
  0.0000000E+00
  0.0000000E+00
  0.0000000E+00
  0.0000000E+00
  0.0000000E+00
  0.0000000E+00
  0.0000000E+00
  0.0000000E+00
  0.0000000E+00
  0.0000000E+00
  0.0000000E+00
  4.8837997E-02
  4.9447998E-02
  3.3279996E-02
  0.0000000E+00
  0.0000000E+00
  0.0000000E+00
  0.0000000E+00
  0.0000000E+00
  5.6927998E-02
  6.6224992E-02
  6.4113997E-02
  5.4879997E-02
  5.1769998E-02
  0.0000000E+00
  0.0000000E+00
  0.0000000E+00
  0.0000000E+00
  3.4784000E-02
  5.1531997E-02
  7.6815993E-02
  7.7626996E-02
  7.8740999E-02
  5.6367997E-02
  0.0000000E+00
  0.0000000E+00
  0.0000000E+00
  9.9999998E-03
  2.3740998E-02
  3.9744996E-02
  6.9070995E-02
  8.2908995E-02
  7.8190997E-02
  6.9945000E-02
  0.0000000E+00
  0.0000000E+00
  0.0000000E+00
  1.3609000E-02
  2.2563998E-02
  3.9701995E-02
  7.5208001E-02
  0.1960000    
  0.1274000    
  5.5971000E-02
  0.0000000E+00
  0.0000000E+00
  2.5893999E-02
  1.7803999E-02
  4.5500997E-02
  6.3461997E-02
  6.2691994E-02
  2.5087999E-02
  2.9715000E-02
  4.6020996E-02
  0.0000000E+00
  0.0000000E+00
  3.7161000E-02
  2.5483998E-02
  5.8662996E-02
  6.0791995E-02
  4.3957997E-02
  1.1324000E-02
  4.6233997E-02
  4.2287998E-02
  0.0000000E+00
  2.2077998E-02
  2.6403997E-02
  5.8079995E-02
  0.1372000    
  5.7009999E-02
  3.8511995E-02
  3.7433997E-02
  3.1236999E-02
  5.0871000E-02
  0.0000000E+00
  2.4211999E-02
  3.2568000E-02
  6.8525992E-02
  6.2853992E-02
  5.8247998E-02
  4.0302999E-02
  4.9531996E-02
  4.0032998E-02
  7.6086991E-02
  0.0000000E+00
  9.9999998E-03
  3.6201999E-02
  7.2784998E-02
  0.1568000    
  4.6898998E-02
  4.3978997E-02
  4.9552999E-02
  0.1568000    
  6.9478996E-02
  0.0000000E+00
  1.6657999E-02
  2.9025996E-02
  4.8418995E-02
  5.4248996E-02
  0.1078000    
  4.9761996E-02
  6.4714000E-02
  6.7580000E-02
  6.1505992E-02
  0.0000000E+00
  9.9999998E-03
  1.3859998E-02
  4.6390999E-02
  5.1877998E-02
  4.6799995E-02
  5.6419995E-02
  5.7895996E-02
  4.6525996E-02
  0.0000000E+00
  0.0000000E+00
  0.0000000E+00
  0.0000000E+00
  6.0537998E-02
  3.0991999E-02
  3.4127995E-02
  4.7287997E-02
  0.0000000E+00
  0.0000000E+00
  0.0000000E+00
  0.0000000E+00
  0.0000000E+00
  0.0000000E+00
  0.0000000E+00
  0.0000000E+00
  0.0000000E+00
  0.0000000E+00
  0.0000000E+00
  0.0000000E+00
  0.0000000E+00
  0.0000000E+00
  0.0000000E+00
  0.0000000E+00
  0.0000000E+00
  0.0000000E+00
  0.0000000E+00
  0.0000000E+00
  9.9999998E-03
  3.3895995E-02
  3.3063997E-02
  0.0000000E+00
  0.0000000E+00
  0.0000000E+00
  0.0000000E+00
  0.0000000E+00
  7.6771997E-02
  6.8637997E-02
  1.7814998E-02
  1.8461000E-02
  5.2015997E-02
  0.0000000E+00
  0.0000000E+00
  0.0000000E+00
  0.0000000E+00
  0.1163680    
  0.1153370    
  7.2343998E-02
  3.5291996E-02
  3.1582996E-02
  2.7461998E-02
  0.0000000E+00
  0.0000000E+00
  0.0000000E+00
  0.1172000    
  0.1000400    
  9.8401994E-02
  0.1111550    
  7.0756994E-02
  4.4253998E-02
  4.3219998E-02
  0.0000000E+00
  0.0000000E+00
  0.0000000E+00
  6.8895996E-02
  0.1067310    
  0.1136090    
  0.1009250    
  0.2254000    
  6.8327993E-02
  4.7893997E-02
  0.0000000E+00
  0.0000000E+00
  7.8427993E-02
  5.1245995E-02
  6.4345993E-02
  5.9057996E-02
  9.2033997E-02
  8.6982995E-02
  0.1046270    
  7.5515993E-02
  0.0000000E+00
  0.0000000E+00
  0.1075780    
  7.6500997E-02
  5.2227996E-02
  2.1816997E-02
  5.2205995E-02
  6.8136998E-02
  6.7774996E-02
  9.1358997E-02
  0.0000000E+00
  0.1144620    
  0.1175730    
  0.1178460    
  0.2352000    
  6.3756995E-02
  3.9924998E-02
  2.6109997E-02
  3.5309996E-02
  4.0030997E-02
  0.0000000E+00
  8.7725997E-02
  0.1170540    
  0.1155150    
  0.1123360    
  8.1155993E-02
  7.5817995E-02
  5.5081997E-02
  5.2324995E-02
  4.1321997E-02
  0.0000000E+00
  2.1581998E-02
  2.4856998E-02
  5.9533998E-02
  0.2548000    
  0.1081230    
  8.7727994E-02
  9.4242997E-02
  9.7697988E-02
  7.3718995E-02
  0.0000000E+00
  2.5357999E-02
  2.1973999E-02
  3.1335998E-02
  5.6460995E-02
  7.0298992E-02
  0.1001110    
  0.1146220    
  0.1133610    
  0.1155620    
  0.0000000E+00
  6.9831990E-02
  5.4602996E-02
  4.2451996E-02
  4.6531998E-02
  6.3696995E-02
  8.5476995E-02
  8.4614992E-02
  8.8815995E-02
  0.0000000E+00
  0.0000000E+00
  0.0000000E+00
  0.0000000E+00
  4.1791998E-02
  8.5911997E-02
  8.0619998E-02
  9.2239991E-02
  0.0000000E+00
  0.0000000E+00
  0.0000000E+00
  0.0000000E+00
  0.0000000E+00
  0.0000000E+00
  0.0000000E+00
  0.0000000E+00
  0.0000000E+00
  0.0000000E+00
   343.0528    
   26.74037    
   6.991348    
  0.0000000E+00
  0.0000000E+00
  0.0000000E+00
  0.0000000E+00
  0.0000000E+00
   3.373358    
   151.8154    
   380.2590    
   214.6893    
   11.39614    
  0.0000000E+00
  0.0000000E+00
  0.0000000E+00
  0.0000000E+00
   70.72520    
   7.478032    
   106.6689    
   226.5048    
   287.5271    
   19.86834    
  0.0000000E+00
  0.0000000E+00
  0.0000000E+00
   366.9806    
   215.3837    
   12.95521    
   12.22565    
   131.0976    
   287.4099    
   125.0478    
  0.0000000E+00
  0.0000000E+00
   260.4989    
   389.1321    
   275.6314    
   103.0442    
   7.667579    
   51.06004    
   241.3341    
   276.4456    
  0.0000000E+00
  0.0000000E+00
   237.8490    
   369.5839    
   333.1404    
   115.6766    
   33.95545    
   29.01780    
   567.6160    
   283.8141    
  0.0000000E+00
  0.0000000E+00
   248.9698    
   268.3659    
   343.1473    
   179.8740    
   127.0192    
   8.572131    
   167.8608    
   172.7323    
  0.0000000E+00
   3.738890    
   41.36244    
   117.2563    
   280.7309    
   305.5868    
   131.5156    
   14.02439    
   35.07383    
   344.0903    
  0.0000000E+00
   2.217876    
   4.876136    
   29.93475    
   239.5120    
   215.1213    
   333.1131    
   154.5892    
   21.12447    
   110.7652    
  0.0000000E+00
   3.241535    
   3.235037    
   1.831434    
   19.49772    
   54.61912    
   319.0791    
   374.2802    
   112.0830    
   95.36135    
  0.0000000E+00
   1.474225    
   6.920115    
   6.395072    
   12.77920    
   10.95520    
   185.4142    
   362.1531    
   756.0700    
   122.9212    
   2.386116    
   1.679747    
   3.830858    
   43.45968    
   5.103176    
   18.64940    
   22.93475    
   388.1737    
   277.2301    
   229.2817    
   15.90226    
   2.098451    
   2.988645    
   74.95351    
   67.08839    
   6.586400    
   28.31434    
   370.8807    
   212.8338    
  0.0000000E+00
  0.0000000E+00
   19.07368    
   5.368500    
   3.666396    
   127.2121    
   14.18466    
   16.78148    
  0.0000000E+00
  0.0000000E+00
  0.0000000E+00
  0.0000000E+00
  0.0000000E+00
  0.0000000E+00
  0.0000000E+00
  0.0000000E+00
  0.0000000E+00
  0.0000000E+00
   8.722427    
   20.74507    
   28.27987    
  0.0000000E+00
  0.0000000E+00
  0.0000000E+00
  0.0000000E+00
  0.0000000E+00
   44.67416    
   29.16456    
   12.36355    
   7.071611    
   7.500287    
  0.0000000E+00
  0.0000000E+00
  0.0000000E+00
  0.0000000E+00
   70.84576    
   73.98824    
   50.38367    
   34.61985    
   6.052468    
   2.157234    
  0.0000000E+00
  0.0000000E+00
  0.0000000E+00
   59.08107    
   66.18871    
   73.38055    
   62.54364    
   39.05690    
   7.429411    
   1.209266    
  0.0000000E+00
  0.0000000E+00
   21.48993    
   42.75208    
   40.69268    
   49.18859    
   17.80917    
   27.77021    
   6.661468    
   1.596025    
  0.0000000E+00
  0.0000000E+00
   5.916915    
   11.55334    
   4.691420    
   15.09152    
   14.73536    
   68.67840    
   23.81400    
   1.313267    
  0.0000000E+00
  0.0000000E+00
   4.889163    
   1.556751    
   2.915495    
   2.592312    
   3.933069    
   28.65588    
   12.06321    
   5.173923    
  0.0000000E+00
   14.26956    
   5.334232    
   2.551871    
   2.576615    
   6.087548    
  0.5000000    
   5.870196    
   9.636752    
   5.677508    
  0.0000000E+00
   6.281072    
   6.124547    
   9.492859    
   15.45460    
   6.357619    
   2.594974    
   4.037172    
   2.726038    
   3.378332    
  0.0000000E+00
   2.141035    
   5.886851    
   15.70093    
   8.765143    
   1.721858    
   1.461619    
   5.086032    
   2.368855    
   10.45656    
  0.0000000E+00
   20.57736    
   9.701023    
   33.55117    
   69.96220    
   4.330823    
   3.569076    
   23.94460    
   34.16280    
   5.845712    
   13.03372    
   9.010451    
   11.87034    
   50.21696    
   34.88207    
   25.17620    
   4.954032    
   6.331528    
   8.755307    
   2.050490    
   4.642852    
   1.733753    
   1.064693    
   8.260648    
   16.17595    
   13.05105    
   21.85094    
   23.34134    
   12.84904    
  0.0000000E+00
  0.0000000E+00
   2.591108    
   7.741848    
   36.89663    
   10.05722    
   23.16865    
   41.35904    
  0.0000000E+00
  0.0000000E+00
  0.0000000E+00
  0.0000000E+00
  0.0000000E+00
  0.0000000E+00
  0.0000000E+00
  0.0000000E+00
  0.0000000E+00
  0.0000000E+00
  0.0000000E+00
  0.0000000E+00
  0.0000000E+00
  0.0000000E+00
  0.0000000E+00
  0.0000000E+00
  0.0000000E+00
  0.0000000E+00
  0.0000000E+00
  0.0000000E+00
   385.8399    
   348.1769    
   167.7768    
  0.0000000E+00
  0.0000000E+00
  0.0000000E+00
  0.0000000E+00
  0.0000000E+00
   164.7893    
   346.3966    
   311.2513    
   349.6973    
   141.7094    
  0.0000000E+00
  0.0000000E+00
  0.0000000E+00
  0.0000000E+00
   213.1110    
   106.9080    
   62.73124    
   135.2455    
   242.8536    
   313.2438    
  0.0000000E+00
  0.0000000E+00
  0.0000000E+00
   193.5272    
   70.65435    
   138.4942    
   112.3380    
   48.78652    
   98.32283    
   158.8486    
  0.0000000E+00
  0.0000000E+00
  0.0000000E+00
   158.2930    
   172.0741    
   124.5309    
   90.73079    
   75.49920    
   227.5560    
   82.82119    
  0.0000000E+00
  0.0000000E+00
   14.32542    
   25.93961    
   45.17452    
   82.42776    
   93.13783    
   44.44508    
   23.16870    
   102.3650    
  0.0000000E+00
  0.0000000E+00
   17.12996    
   31.29877    
   44.59956    
   61.50544    
   148.7564    
   225.6064    
   157.9110    
   28.69620    
  0.0000000E+00
   176.2406    
   23.26054    
   10.86364    
   48.88240    
   61.49540    
   68.00291    
   157.9138    
   141.0893    
   257.0656    
  0.0000000E+00
   361.5933    
   193.4116    
   50.68072    
   5.710311    
   17.02103    
   61.98272    
   130.2955    
   254.0664    
   130.6102    
  0.0000000E+00
   394.9598    
   383.1127    
   158.6935    
   337.0220    
   16.28185    
   17.53301    
   112.9828    
   261.7580    
   236.6826    
  0.0000000E+00
   237.7442    
   383.4929    
   379.1488    
   215.6855    
   517.6360    
   36.88697    
   75.69932    
   69.18372    
   34.30737    
  0.0000000E+00
   50.89828    
   193.7225    
   397.8200    
   384.5668    
   368.4251    
   177.6087    
   45.26244    
   46.87600    
  0.0000000E+00
  0.0000000E+00
  0.0000000E+00
  0.0000000E+00
   384.7140    
   395.4698    
   397.7305    
   393.3033    
  0.0000000E+00
  0.0000000E+00
  0.0000000E+00
  0.0000000E+00
  0.0000000E+00
  0.0000000E+00
  0.0000000E+00
  0.0000000E+00
  0.0000000E+00
  0.0000000E+00
  0.0000000E+00
  0.0000000E+00
  0.0000000E+00
  0.0000000E+00
  0.0000000E+00
  0.0000000E+00
  0.0000000E+00
  0.0000000E+00
  0.0000000E+00
  0.0000000E+00
   17.42520    
   13.08837    
   27.60584    
  0.0000000E+00
  0.0000000E+00
  0.0000000E+00
  0.0000000E+00
  0.0000000E+00
   61.73936    
   133.6132    
   147.3786    
   71.42847    
   83.62811    
  0.0000000E+00
  0.0000000E+00
  0.0000000E+00
  0.0000000E+00
   14.45406    
   29.38109    
   164.6911    
   170.2325    
   198.4719    
   57.83680    
  0.0000000E+00
  0.0000000E+00
  0.0000000E+00
  0.8808639    
   5.724771    
   11.24207    
   151.8191    
   193.6067    
   165.0388    
   90.27431    
  0.0000000E+00
  0.0000000E+00
  0.0000000E+00
   1.629913    
   1.716529    
   31.79912    
   99.78115    
   234.9060    
   144.9420    
   96.11012    
  0.0000000E+00
  0.0000000E+00
  0.6320320    
   1.120442    
   40.48576    
   69.94643    
   67.28600    
   12.91034    
   21.51179    
   16.97007    
  0.0000000E+00
  0.0000000E+00
   3.229810    
   9.966047    
   106.5876    
   45.63708    
   13.33385    
   10.22401    
   19.06617    
   18.91544    
  0.0000000E+00
   10.72675    
   6.135280    
   40.39428    
   247.5480    
   87.18480    
   11.61438    
   26.42859    
   21.61679    
   59.89680    
  0.0000000E+00
   8.488771    
   11.12761    
   62.19495    
   120.0515    
   103.5412    
   8.102123    
   15.53377    
   46.32088    
   194.4045    
  0.0000000E+00
   5.169924    
   5.431032    
   126.0012    
   474.7120    
   52.17979    
   15.61164    
   39.55457    
   379.6520    
   155.3948    
  0.0000000E+00
   2.439092    
   3.875966    
   34.53516    
   95.13531    
   153.7620    
   62.42427    
   152.2188    
   187.7166    
   117.4373    
  0.0000000E+00
   1.024576    
   2.888270    
   20.69686    
   38.16051    
   56.22428    
   109.3775    
   121.0548    
   59.96536    
  0.0000000E+00
  0.0000000E+00
  0.0000000E+00
  0.0000000E+00
   8.028179    
   11.16929    
   13.00890    
   42.42228    
  0.0000000E+00
  0.0000000E+00
  0.0000000E+00
  0.0000000E+00
  0.0000000E+00
  0.0000000E+00
  0.0000000E+00
  0.0000000E+00
  0.0000000E+00
  0.0000000E+00
  0.0000000E+00
  0.0000000E+00
  0.0000000E+00
  0.0000000E+00
  0.0000000E+00
  0.0000000E+00
  0.0000000E+00
  0.0000000E+00
  0.0000000E+00
  0.0000000E+00
   2.817940    
   16.80507    
   146.9129    
  0.0000000E+00
  0.0000000E+00
  0.0000000E+00
  0.0000000E+00
  0.0000000E+00
   76.60427    
   7.491803    
   2.232195    
   5.593744    
   28.82303    
  0.0000000E+00
  0.0000000E+00
  0.0000000E+00
  0.0000000E+00
   353.1653    
   285.1249    
   126.0738    
   9.523407    
   14.46371    
   6.954659    
  0.0000000E+00
  0.0000000E+00
  0.0000000E+00
   398.4106    
   361.6730    
   297.3098    
   201.5931    
   59.51856    
   28.53289    
   126.7364    
  0.0000000E+00
  0.0000000E+00
  0.0000000E+00
   270.4441    
   365.1468    
   390.4658    
   376.5844    
   722.0640    
   89.05676    
   73.98116    
  0.0000000E+00
  0.0000000E+00
   229.5648    
   144.8492    
   87.77755    
   81.03756    
   286.1148    
   349.5676    
   389.4312    
   283.5014    
  0.0000000E+00
  0.0000000E+00
   353.3666    
   371.1567    
   257.1845    
   81.12035    
   132.3351    
   309.3255    
   262.3317    
   358.6819    
  0.0000000E+00
   384.8577    
   334.8189    
   328.6721    
   704.4240    
   190.8343    
   58.48892    
   41.67120    
   157.8825    
   149.5379    
  0.0000000E+00
   136.0821    
   216.7920    
   238.5217    
   381.0902    
   244.2850    
   213.1650    
   123.7192    
   41.82000    
   164.3800    
  0.0000000E+00
   8.231739    
   16.35199    
   19.80929    
   583.1980    
   317.0548    
   357.6062    
   337.2216    
   322.3591    
   105.8221    
  0.0000000E+00
   47.81924    
   13.67394    
   8.774912    
   81.70455    
   156.0996    
   354.5759    
   393.6120    
   394.9456    
   385.8908    
  0.0000000E+00
   69.76408    
   55.99683    
   80.40040    
   51.03860    
   66.73720    
   185.0401    
   160.3728    
   386.4078    
  0.0000000E+00
  0.0000000E+00
  0.0000000E+00
  0.0000000E+00
   128.6089    
   151.7430    
   168.0595    
   268.4284    
  0.0000000E+00
  0.0000000E+00
  0.0000000E+00
