  0.0000000E+00
  0.0000000E+00
  0.0000000E+00
  0.0000000E+00
  0.0000000E+00
  0.0000000E+00
  0.0000000E+00
  0.2070359    
  0.1866214    
  5.5298839E-02
  0.0000000E+00
  0.0000000E+00
  0.0000000E+00
  0.0000000E+00
  0.0000000E+00
  5.0631262E-02
  0.1814680    
  0.2099841    
  0.1978204    
  7.9272769E-02
  0.0000000E+00
  0.0000000E+00
  0.0000000E+00
  0.0000000E+00
  0.1532920    
  0.1465688    
  0.1168888    
  0.1929460    
  0.2028713    
  0.1743966    
  0.0000000E+00
  0.0000000E+00
  0.0000000E+00
  0.2076555    
  0.1883531    
  0.1820247    
  7.8287527E-02
  0.1395108    
  0.2083303    
  0.1878458    
  0.0000000E+00
  0.0000000E+00
  0.1810965    
  0.2120788    
  0.1983279    
  0.1965444    
  9.6196905E-02
  5.7161231E-02
  0.2014328    
  0.2022338    
  0.0000000E+00
  0.0000000E+00
  0.1805591    
  0.1961065    
  0.1960687    
  0.1501542    
  0.1863019    
  9.1995925E-02
  0.1598852    
  0.2007271    
  0.0000000E+00
  0.0000000E+00
  0.1615280    
  0.1648856    
  0.2055432    
  0.1581597    
  0.1421445    
  0.1474146    
  0.1533216    
  0.1933369    
  0.0000000E+00
  1.7050063E-02
  8.2034126E-02
  0.1544376    
  0.1978590    
  0.1961915    
  0.1434320    
  0.1329323    
  0.1058674    
  0.1930469    
  0.0000000E+00
  1.6694380E-02
  4.6447996E-02
  6.6107847E-02
  0.1700390    
  0.1976092    
  0.2096584    
  0.1894917    
  9.0382658E-02
  0.1945781    
  0.0000000E+00
  4.6385258E-02
  3.6441255E-02
  5.6267783E-02
  6.7287713E-02
  0.1463211    
  0.2022123    
  0.2077213    
  0.1955777    
  0.1476541    
  0.0000000E+00
  3.7426732E-02
  8.5855827E-02
  8.4664464E-02
  5.9993636E-02
  7.4360587E-02
  0.1971989    
  0.2093013    
  0.2800911    
  0.1979486    
  6.5506823E-02
  2.6118493E-02
  9.5604941E-02
  0.1617888    
  4.2920809E-02
  5.9987631E-02
  0.1221149    
  0.2082505    
  0.2011769    
  0.1983240    
  5.8130257E-02
  2.3995571E-02
  5.7820581E-02
  0.1157834    
  8.1109524E-02
  2.6742054E-02
  7.7287316E-02
  0.1959950    
  0.2075391    
  0.0000000E+00
  0.0000000E+00
  0.1102088    
  4.2559285E-02
  3.2122727E-02
  0.1568908    
  6.5606274E-02
  4.0627256E-02
  0.0000000E+00
  0.0000000E+00
  0.0000000E+00
  0.0000000E+00
  0.0000000E+00
  0.0000000E+00
  0.0000000E+00
  0.0000000E+00
  0.0000000E+00
  0.0000000E+00
  8.2544327E-02
  8.1672557E-02
  8.6820982E-02
  0.0000000E+00
  0.0000000E+00
  0.0000000E+00
  0.0000000E+00
  0.0000000E+00
  0.1252255    
  0.1057592    
  8.3307780E-02
  5.2253556E-02
  3.3131536E-02
  0.0000000E+00
  0.0000000E+00
  0.0000000E+00
  0.0000000E+00
  0.1151144    
  0.1461361    
  0.1392877    
  0.1324306    
  7.1964704E-02
  3.0031618E-02
  0.0000000E+00
  0.0000000E+00
  0.0000000E+00
  0.1224782    
  0.1296017    
  0.1400433    
  0.1430694    
  0.1333154    
  6.3604333E-02
  3.3078637E-02
  0.0000000E+00
  0.0000000E+00
  0.1002464    
  0.1036478    
  0.1080915    
  7.2911225E-02
  6.4838305E-02
  9.9304728E-02
  7.2497956E-02
  3.3392727E-02
  0.0000000E+00
  0.0000000E+00
  7.7288695E-02
  3.5567377E-02
  4.0322009E-02
  6.5593958E-02
  8.3085403E-02
  0.1002618    
  9.9891737E-02
  3.4836944E-02
  0.0000000E+00
  0.0000000E+00
  4.5813400E-02
  2.4716467E-02
  3.2262847E-02
  2.7884116E-02
  4.7709521E-02
  9.2526205E-02
  6.9554985E-02
  5.6774519E-02
  0.0000000E+00
  6.0135316E-02
  7.5589702E-02
  2.0571226E-02
  2.8481843E-02
  3.5501834E-02
  1.9347399E-02
  3.7471671E-02
  6.4397305E-02
  8.7534390E-02
  0.0000000E+00
  5.4921594E-02
  4.1970126E-02
  6.8581738E-02
  4.9991112E-02
  6.2675312E-02
  3.3999287E-02
  4.7783814E-02
  3.2621626E-02
  4.8560899E-02
  0.0000000E+00
  2.7522407E-02
  3.6446761E-02
  6.9684938E-02
  5.5575825E-02
  2.8305704E-02
  3.7165724E-02
  8.6093396E-02
  7.1441159E-02
  8.6214840E-02
  0.0000000E+00
  7.5659111E-02
  4.9288329E-02
  9.2380263E-02
  9.0011783E-02
  3.4661014E-02
  4.8367195E-02
  0.1050666    
  9.0044215E-02
  9.7766124E-02
  6.5344639E-02
  7.2242416E-02
  9.0898834E-02
  0.1252230    
  9.1226242E-02
  7.0014007E-02
  5.4010525E-02
  6.7464210E-02
  7.5660393E-02
  5.1383827E-02
  9.6403867E-02
  4.5552224E-02
  3.8214974E-02
  8.1478789E-02
  8.7293930E-02
  6.0605977E-02
  0.1081263    
  0.1010976    
  8.9350589E-02
  0.0000000E+00
  0.0000000E+00
  3.7985303E-02
  7.7144906E-02
  0.1312857    
  9.6211158E-02
  8.1333913E-02
  0.1341834    
  0.0000000E+00
  0.0000000E+00
  0.0000000E+00
  0.0000000E+00
  0.0000000E+00
  0.0000000E+00
  0.0000000E+00
  0.0000000E+00
  0.0000000E+00
  0.0000000E+00
  0.0000000E+00
  0.0000000E+00
  0.0000000E+00
  0.0000000E+00
  0.0000000E+00
  0.0000000E+00
  0.0000000E+00
  0.0000000E+00
  0.0000000E+00
  0.0000000E+00
  0.2056056    
  0.2104807    
  0.2045201    
  0.0000000E+00
  0.0000000E+00
  0.0000000E+00
  0.0000000E+00
  0.0000000E+00
  0.1231078    
  0.1941819    
  0.2062749    
  0.2047528    
  0.1989139    
  0.0000000E+00
  0.0000000E+00
  0.0000000E+00
  0.0000000E+00
  0.1826486    
  0.1529634    
  0.1229728    
  0.1485799    
  0.2061914    
  0.2016376    
  0.0000000E+00
  0.0000000E+00
  0.0000000E+00
  0.2046824    
  0.1989308    
  0.1781259    
  9.7306117E-02
  9.0110391E-02
  0.1720183    
  0.1996862    
  0.0000000E+00
  0.0000000E+00
  0.0000000E+00
  0.1429504    
  0.1945303    
  0.1881676    
  0.1791411    
  9.2938401E-02
  0.1300755    
  0.1938195    
  0.0000000E+00
  0.0000000E+00
  0.1321718    
  8.7811917E-02
  0.1276893    
  0.1758828    
  0.1912384    
  0.1959999    
  0.1399119    
  0.1928329    
  0.0000000E+00
  0.0000000E+00
  6.7695998E-02
  9.5031999E-02
  0.1347306    
  0.1867036    
  0.1899308    
  0.1973107    
  0.2051738    
  0.1694993    
  0.0000000E+00
  0.1478476    
  9.4710276E-02
  4.0125102E-02
  7.9967134E-02
  0.1148570    
  0.1491945    
  0.1959580    
  0.1975095    
  0.2013213    
  0.0000000E+00
  0.1969044    
  0.1527093    
  9.4760418E-02
  2.9491287E-02
  3.3021096E-02
  0.1280025    
  0.1854512    
  0.1902885    
  0.1993440    
  0.0000000E+00
  0.2043338    
  0.2035388    
  0.1422860    
  0.1201676    
  6.8602733E-02
  4.3552734E-02
  0.1301768    
  0.1702245    
  0.1902452    
  0.0000000E+00
  0.1837428    
  0.2100220    
  0.2059186    
  0.1867585    
  0.1899201    
  9.8259032E-02
  0.1036887    
  0.1107587    
  8.5411191E-02
  0.0000000E+00
  9.9578343E-02
  0.1909833    
  0.2071086    
  0.2157123    
  0.2154250    
  0.1886231    
  0.1104380    
  0.1577963    
  0.0000000E+00
  0.0000000E+00
  0.0000000E+00
  0.0000000E+00
  0.2054893    
  0.2049345    
  0.2049190    
  0.2120636    
  0.0000000E+00
  0.0000000E+00
  0.0000000E+00
  0.0000000E+00
  0.0000000E+00
  0.0000000E+00
  0.0000000E+00
  0.0000000E+00
  0.0000000E+00
  0.0000000E+00
  0.0000000E+00
  0.0000000E+00
  0.0000000E+00
  0.0000000E+00
  0.0000000E+00
  0.0000000E+00
  0.0000000E+00
  0.0000000E+00
  0.0000000E+00
  0.0000000E+00
  0.1267672    
  0.1251632    
  8.3495729E-02
  0.0000000E+00
  0.0000000E+00
  0.0000000E+00
  0.0000000E+00
  0.0000000E+00
  0.1472800    
  0.1672944    
  0.1491372    
  0.1361429    
  0.1271305    
  0.0000000E+00
  0.0000000E+00
  0.0000000E+00
  0.0000000E+00
  8.7256677E-02
  0.1235836    
  0.1901295    
  0.1972092    
  0.1910719    
  0.1458781    
  0.0000000E+00
  0.0000000E+00
  0.0000000E+00
  1.7772259E-02
  5.9349786E-02
  0.1007676    
  0.1793537    
  0.1901837    
  0.1863390    
  0.1662708    
  0.0000000E+00
  0.0000000E+00
  0.0000000E+00
  3.4321498E-02
  5.6277867E-02
  9.9166758E-02
  0.1915602    
  0.2003382    
  0.1300298    
  0.1369385    
  0.0000000E+00
  0.0000000E+00
  6.8541273E-02
  4.2811256E-02
  0.1163036    
  0.1525279    
  0.1510964    
  6.3541874E-02
  7.2414137E-02
  0.1160976    
  0.0000000E+00
  0.0000000E+00
  9.7536385E-02
  6.3076220E-02
  0.1437407    
  0.1528712    
  0.1128998    
  2.8311765E-02
  0.1143092    
  0.1031792    
  0.0000000E+00
  5.5519033E-02
  6.4909056E-02
  0.1456779    
  0.1401181    
  0.1464688    
  9.9927910E-02
  9.6714027E-02
  7.7513188E-02
  0.1203151    
  0.0000000E+00
  6.2563039E-02
  8.2992353E-02
  0.1688590    
  0.1680945    
  0.1469239    
  0.1005187    
  0.1248581    
  9.9466808E-02
  0.1891702    
  0.0000000E+00
  2.2770418E-02
  8.7763391E-02
  0.1771067    
  0.1602376    
  0.1182176    
  0.1022185    
  0.1209974    
  0.1599276    
  0.1753776    
  0.0000000E+00
  4.1527752E-02
  7.4844792E-02
  0.1229504    
  0.1384209    
  0.1100811    
  0.1308518    
  0.1572120    
  0.1675093    
  0.1667520    
  0.0000000E+00
  2.0747293E-02
  3.6204852E-02
  0.1181547    
  0.1326553    
  0.1295214    
  0.1444760    
  0.1462296    
  0.1142629    
  0.0000000E+00
  0.0000000E+00
  0.0000000E+00
  0.0000000E+00
  0.1496515    
  7.8359202E-02
  8.4322058E-02
  0.1184923    
  0.0000000E+00
  0.0000000E+00
  0.0000000E+00
  0.0000000E+00
  0.0000000E+00
  0.0000000E+00
  0.0000000E+00
  0.0000000E+00
  0.0000000E+00
  0.0000000E+00
  0.0000000E+00
  0.0000000E+00
  0.0000000E+00
  0.0000000E+00
  0.0000000E+00
  0.0000000E+00
  0.0000000E+00
  0.0000000E+00
  0.0000000E+00
  0.0000000E+00
  1.5769709E-02
  8.6422101E-02
  8.0914386E-02
  0.0000000E+00
  0.0000000E+00
  0.0000000E+00
  0.0000000E+00
  0.0000000E+00
  0.1932607    
  0.1669598    
  4.5777004E-02
  4.7858246E-02
  0.1360580    
  0.0000000E+00
  0.0000000E+00
  0.0000000E+00
  0.0000000E+00
  0.2064672    
  0.2038832    
  0.1890652    
  8.8289820E-02
  8.0724217E-02
  6.8112202E-02
  0.0000000E+00
  0.0000000E+00
  0.0000000E+00
  0.2105174    
  0.2005351    
  0.1994047    
  0.2348695    
  0.1841771    
  0.1116365    
  0.1088306    
  0.0000000E+00
  0.0000000E+00
  0.0000000E+00
  0.1785665    
  0.2061117    
  0.2205039    
  0.2328376    
  0.2303827    
  0.1884174    
  0.1193638    
  0.0000000E+00
  0.0000000E+00
  0.1864782    
  0.1314788    
  0.1685362    
  0.1441901    
  0.1991762    
  0.1926306    
  0.2036324    
  0.1903887    
  0.0000000E+00
  0.0000000E+00
  0.1904483    
  0.2133390    
  0.1349589    
  5.5440966E-02
  0.1324504    
  0.1737135    
  0.1741459    
  0.1930749    
  0.0000000E+00
  0.1985125    
  0.2175875    
  0.2250755    
  0.2400166    
  0.1575600    
  9.8034032E-02
  6.8143174E-02
  8.4506527E-02
  0.1007370    
  0.0000000E+00
  0.1971201    
  0.2149629    
  0.2193261    
  0.2180009    
  0.2063095    
  0.1836265    
  0.1433525    
  0.1304563    
  0.1029748    
  0.0000000E+00
  5.5059586E-02
  5.9456307E-02
  0.1494819    
  0.2598135    
  0.2111869    
  0.1950374    
  0.1947607    
  0.2139536    
  0.1853514    
  0.0000000E+00
  6.6344492E-02
  5.7175428E-02
  7.8265943E-02
  0.1553238    
  0.1958346    
  0.2273368    
  0.2081902    
  0.2060775    
  0.2157687    
  0.0000000E+00
  0.1764094    
  0.1385057    
  0.1058784    
  0.1181859    
  0.1543780    
  0.1927784    
  0.1853702    
  0.1945613    
  0.0000000E+00
  0.0000000E+00
  0.0000000E+00
  0.0000000E+00
  0.1076524    
  0.1994714    
  0.1934468    
  0.2019787    
  0.0000000E+00
  0.0000000E+00
  0.0000000E+00
