  0.0000000E+00
  0.0000000E+00
  0.0000000E+00
  0.0000000E+00
  0.0000000E+00
  0.0000000E+00
  0.0000000E+00
   636.1226    
   66.60432    
   16.87789    
  0.0000000E+00
  0.0000000E+00
  0.0000000E+00
  0.0000000E+00
  0.0000000E+00
   8.444115    
   362.8887    
   708.1879    
   535.0491    
   27.88615    
  0.0000000E+00
  0.0000000E+00
  0.0000000E+00
  0.0000000E+00
   176.5257    
   18.38557    
   259.2079    
   575.7542    
   625.3754    
   50.47422    
  0.0000000E+00
  0.0000000E+00
  0.0000000E+00
   674.9333    
   540.3801    
   33.00952    
   29.45643    
   329.0684    
   639.6822    
   313.8305    
  0.0000000E+00
  0.0000000E+00
   638.3920    
   687.9728    
   647.0149    
   264.3096    
   19.02079    
   131.7880    
   628.8537    
   617.1876    
  0.0000000E+00
  0.0000000E+00
   615.0740    
   675.2987    
   681.2618    
   294.2822    
   85.51070    
   29.61041    
   578.9010    
   644.2233    
  0.0000000E+00
  0.0000000E+00
   601.9016    
   646.0735    
   694.6736    
   443.3179    
   316.1075    
   23.01434    
   421.9822    
   440.9236    
  0.0000000E+00
   9.321481    
   105.1438    
   280.1325    
   639.4341    
   656.0131    
   330.2813    
   34.58516    
   89.45728    
   681.3750    
  0.0000000E+00
   5.537417    
   12.57050    
   76.81161    
   244.4320    
   511.0410    
   639.4480    
   379.6823    
   51.97746    
   276.9444    
  0.0000000E+00
   7.771501    
   7.931703    
   4.689664    
   49.62495    
   136.4584    
   653.6281    
   683.7296    
   264.7441    
   234.8115    
  0.0000000E+00
   3.715249    
   16.81881    
   16.05801    
   13.03628    
   26.27182    
   447.4086    
   668.5952    
   770.3532    
   320.2406    
   5.837302    
   4.113919    
   9.623753    
   110.0447    
   12.71678    
   19.02166    
   54.33110    
   698.1356    
   634.3435    
   590.7307    
   38.44588    
   5.120273    
   7.603155    
   190.2293    
   175.0582    
   17.16950    
   71.23698    
   679.8364    
   553.4938    
  0.0000000E+00
  0.0000000E+00
   49.12086    
   12.82574    
   9.096504    
   311.2432    
   35.13176    
   39.96298    
  0.0000000E+00
  0.0000000E+00
  0.0000000E+00
  0.0000000E+00
  0.0000000E+00
  0.0000000E+00
  0.0000000E+00
  0.0000000E+00
  0.0000000E+00
  0.0000000E+00
   21.89134    
   51.89087    
   70.88698    
  0.0000000E+00
  0.0000000E+00
  0.0000000E+00
  0.0000000E+00
  0.0000000E+00
   113.1042    
   72.69519    
   30.72043    
   17.38492    
   18.18550    
  0.0000000E+00
  0.0000000E+00
  0.0000000E+00
  0.0000000E+00
   170.2827    
   182.8610    
   121.6349    
   86.95325    
   15.58219    
   5.533886    
  0.0000000E+00
  0.0000000E+00
  0.0000000E+00
   146.9717    
   164.9801    
   188.2330    
   159.2957    
   94.75687    
   18.70223    
   3.093366    
  0.0000000E+00
  0.0000000E+00
   53.69381    
   103.6351    
   102.1221    
   120.4589    
   45.78241    
   71.31145    
   16.40767    
   4.179624    
  0.0000000E+00
  0.0000000E+00
   14.54798    
   28.84560    
   11.54261    
   37.57344    
   35.29512    
   70.15701    
   24.30485    
   3.443578    
  0.0000000E+00
  0.0000000E+00
   12.18961    
   3.962304    
   7.556776    
   6.506262    
   9.215827    
   70.91869    
   28.94013    
   12.96619    
  0.0000000E+00
   34.65617    
   13.27055    
   6.271578    
   6.362012    
   15.13445    
   1.039330    
   14.98334    
   25.87459    
   14.03736    
  0.0000000E+00
   15.75298    
   15.60594    
   23.20964    
   15.79319    
   16.23820    
   6.698573    
   9.796474    
   6.849239    
   8.115149    
  0.0000000E+00
   5.219807    
   14.70930    
   38.91680    
   22.68023    
   4.193204    
   3.759051    
   12.54049    
   6.499342    
   27.17241    
  0.0000000E+00
   50.54604    
   22.83336    
   83.19708    
   71.41528    
   11.17573    
   8.814696    
   59.89014    
   34.85855    
   14.61425    
   32.46363    
   22.29630    
   29.31627    
   129.6249    
   92.56717    
   25.72275    
   12.56983    
   15.95755    
   22.08721    
   5.086373    
   11.34493    
   4.160991    
   2.776190    
   20.49971    
   41.85489    
   32.11410    
   54.69302    
   60.14803    
   30.34868    
  0.0000000E+00
  0.0000000E+00
   6.672935    
   18.29573    
   88.20963    
   24.82470    
   56.72065    
   103.5668    
  0.0000000E+00
  0.0000000E+00
  0.0000000E+00
  0.0000000E+00
  0.0000000E+00
  0.0000000E+00
  0.0000000E+00
  0.0000000E+00
  0.0000000E+00
  0.0000000E+00
  0.0000000E+00
  0.0000000E+00
  0.0000000E+00
  0.0000000E+00
  0.0000000E+00
  0.0000000E+00
  0.0000000E+00
  0.0000000E+00
  0.0000000E+00
  0.0000000E+00
   674.6171    
   669.3746    
   413.6850    
  0.0000000E+00
  0.0000000E+00
  0.0000000E+00
  0.0000000E+00
  0.0000000E+00
   408.3695    
   683.2726    
   672.3673    
   689.4458    
   357.3309    
  0.0000000E+00
  0.0000000E+00
  0.0000000E+00
  0.0000000E+00
   515.1093    
   282.7149    
   158.2629    
   349.2696    
   606.1435    
   656.3275    
  0.0000000E+00
  0.0000000E+00
  0.0000000E+00
   471.9505    
   176.0596    
   372.0263    
   293.1197    
   124.6931    
   240.2545    
   384.2369    
  0.0000000E+00
  0.0000000E+00
  0.0000000E+00
   391.1205    
   416.6902    
   335.2311    
   230.2539    
   77.09338    
   231.9180    
   212.1487    
  0.0000000E+00
  0.0000000E+00
   36.14899    
   63.73336    
   116.6491    
   203.6547    
   215.2193    
   109.2853    
   59.16908    
   257.0914    
  0.0000000E+00
  0.0000000E+00
   43.56694    
   76.60155    
   109.9928    
   147.6730    
   371.9323    
   567.8466    
   406.1655    
   69.55841    
  0.0000000E+00
   444.4916    
   57.90262    
   27.21555    
   49.84443    
   157.9988    
   160.5803    
   396.3419    
   359.0875    
   625.5776    
  0.0000000E+00
   661.7086    
   506.8662    
   123.5689    
   14.42059    
   43.10783    
   152.9388    
   342.8035    
   643.2751    
   325.3884    
  0.0000000E+00
   679.1027    
   704.1671    
   408.1086    
   343.9814    
   37.73062    
   44.53477    
   290.0471    
   266.9349    
   576.1673    
  0.0000000E+00
   574.1268    
   697.8078    
   692.5787    
   588.2021    
   529.1198    
   95.44084    
   194.9559    
   175.8249    
   84.03116    
  0.0000000E+00
   125.5847    
   485.3965    
   707.9838    
   707.6240    
   674.9138    
   457.7238    
   113.1761    
   118.0936    
  0.0000000E+00
  0.0000000E+00
  0.0000000E+00
  0.0000000E+00
   685.0902    
   697.6740    
   676.7482    
   725.7627    
  0.0000000E+00
  0.0000000E+00
  0.0000000E+00
  0.0000000E+00
  0.0000000E+00
  0.0000000E+00
  0.0000000E+00
  0.0000000E+00
  0.0000000E+00
  0.0000000E+00
  0.0000000E+00
  0.0000000E+00
  0.0000000E+00
  0.0000000E+00
  0.0000000E+00
  0.0000000E+00
  0.0000000E+00
  0.0000000E+00
  0.0000000E+00
  0.0000000E+00
   42.53910    
   31.48036    
   62.52156    
  0.0000000E+00
  0.0000000E+00
  0.0000000E+00
  0.0000000E+00
  0.0000000E+00
   160.8112    
   343.8842    
   371.7429    
   185.5623    
   206.4095    
  0.0000000E+00
  0.0000000E+00
  0.0000000E+00
  0.0000000E+00
   36.86013    
   71.36238    
   413.9377    
   429.6050    
   471.1682    
   145.2889    
  0.0000000E+00
  0.0000000E+00
  0.0000000E+00
   2.197712    
   14.27556    
   28.97449    
   392.7723    
   507.8911    
   420.1699    
   214.2823    
  0.0000000E+00
  0.0000000E+00
  0.0000000E+00
   4.165137    
   4.368165    
   79.78680    
   252.8030    
   240.1793    
   147.8675    
   237.4101    
  0.0000000E+00
  0.0000000E+00
   1.582489    
   2.899736    
   101.3474    
   171.8522    
   158.7412    
   32.94515    
   54.91073    
   43.00238    
  0.0000000E+00
  0.0000000E+00
   8.089972    
   25.60199    
   276.2381    
   117.9376    
   31.08739    
   25.03421    
   49.99094    
   48.68612    
  0.0000000E+00
   26.68150    
   15.88429    
   100.1237    
   253.0545    
   215.4333    
   27.90011    
   67.38536    
   53.23133    
   153.8381    
  0.0000000E+00
   20.80251    
   27.90953    
   157.2627    
   317.0805    
   267.2645    
   19.96405    
   38.92459    
   114.9902    
   499.1953    
  0.0000000E+00
   12.95790    
   13.93834    
   322.3727    
   483.5552    
   132.8118    
   39.25787    
   102.5876    
   387.8675    
   387.4919    
  0.0000000E+00
   6.110910    
   9.760502    
   90.21683    
   236.3940    
   156.9610    
   158.2829    
   385.7750    
   479.1032    
   291.7739    
  0.0000000E+00
   2.567505    
   7.060449    
   53.57388    
   96.43879    
   139.0114    
   276.8471    
   316.5113    
   150.0535    
  0.0000000E+00
  0.0000000E+00
  0.0000000E+00
  0.0000000E+00
   19.69257    
   29.03756    
   31.46803    
   111.1662    
  0.0000000E+00
  0.0000000E+00
  0.0000000E+00
  0.0000000E+00
  0.0000000E+00
  0.0000000E+00
  0.0000000E+00
  0.0000000E+00
  0.0000000E+00
  0.0000000E+00
  0.0000000E+00
  0.0000000E+00
  0.0000000E+00
  0.0000000E+00
  0.0000000E+00
  0.0000000E+00
  0.0000000E+00
  0.0000000E+00
  0.0000000E+00
  0.0000000E+00
   6.676066    
   42.16626    
   361.0266    
  0.0000000E+00
  0.0000000E+00
  0.0000000E+00
  0.0000000E+00
  0.0000000E+00
   189.3163    
   18.15410    
   5.765843    
   14.35527    
   73.11953    
  0.0000000E+00
  0.0000000E+00
  0.0000000E+00
  0.0000000E+00
   664.3072    
   637.8141    
   306.8077    
   24.19225    
   35.26502    
   17.84814    
  0.0000000E+00
  0.0000000E+00
  0.0000000E+00
   685.8007    
   698.8643    
   623.0810    
   463.7878    
   143.2276    
   67.06947    
   333.0167    
  0.0000000E+00
  0.0000000E+00
  0.0000000E+00
   613.7574    
   689.6218    
   669.8315    
   636.2503    
   735.5508    
   205.8493    
   172.2396    
  0.0000000E+00
  0.0000000E+00
   567.9229    
   360.1851    
   228.0339    
   204.0498    
   671.0668    
   678.4191    
   701.5681    
   656.6858    
  0.0000000E+00
  0.0000000E+00
   660.3193    
   664.2750    
   618.7637    
   198.8439    
   327.0885    
   628.8416    
   621.0192    
   671.9821    
  0.0000000E+00
   701.7784    
   670.4445    
   629.8110    
   718.6074    
   499.5015    
   150.3382    
   100.3633    
   393.0642    
   380.2343    
  0.0000000E+00
   316.4330    
   517.0972    
   564.9072    
   697.8259    
   630.0386    
   552.0825    
   306.0170    
   104.0008    
   399.8164    
  0.0000000E+00
   20.76234    
   41.63848    
   50.50997    
   595.7444    
   688.3004    
   677.7333    
   680.2668    
   657.4235    
   269.2582    
  0.0000000E+00
   121.2861    
   34.60384    
   21.58216    
   189.3972    
   394.3733    
   649.3705    
   687.8282    
   711.5117    
   696.8505    
  0.0000000E+00
   176.7072    
   136.9966    
   204.8548    
   116.2384    
   159.2760    
   484.7893    
   401.4419    
   697.1739    
  0.0000000E+00
  0.0000000E+00
  0.0000000E+00
  0.0000000E+00
   320.2732    
   383.7983    
   417.2186    
   624.2083    
  0.0000000E+00
  0.0000000E+00
  0.0000000E+00
