          1		-0.1319906 
  0.2502
  0.2310
  0.2170
  0.0128
  0.3419
  0.2312
  0.2437
  0.1688
  0.1318
  0.0267
  0.0197
  0.1379
  0.2380
  0.2702
  0.3117
  0.2685
  0.1738
  0.0968
  0.0979
  0.0266
  0.1375
  0.1696
  0.2177
  0.2264
  0.2432
  0.2226
  0.0542
  0.1372
  0.1211
  0.1270
  0.0860
  0.1303
  0.1684
  0.2290
  0.3460
  0.1864
  0.0718
  0.1930
  0.1454
  0.2287
  0.1340
  0.1168
  0.1329
  0.1555
  0.2868
  0.3672
  0.3376
  0.2846
  0.1704
  0.2393
  0.3122
  0.2951
  0.0850
  0.0727
  0.1037
  0.1416
  0.1578
  0.2295
  0.3529
  0.2519
  0.1361
  0.2986
  0.2802
  0.2102
  0.1811
  0.2133
  0.1876
  0.0948
  0.0597
  0.0797
  0.1341
  0.2375
  0.3083
  0.2778
  0.0790
  0.2375
  0.2907
  0.2793
  0.2355
  0.1988
  0.1598
  0.1030
  0.0197
  0.0408
  0.1186
  0.2311
  0.2744
  0.3259
  0.1253
  0.1898
  0.2330
  0.3533
  0.2449
  0.1947
  0.1518
  0.2630
  0.1467
  0.0660
  0.0216
  0.0647
  0.2081
  0.3105
  0.2932
  0.2308
  0.2612
  0.1074
  0.2469
  0.2606
  0.1982
  0.1332
  0.1457
  0.1722
  0.1638
  0.0812
  0.0524
  0.1599
  0.1989
  0.2490
  0.2118
  0.1118
  0.1841
  0.2339
  0.2482
  0.2864
  0.0999
  0.1674
  0.1603
  0.2242
  0.1495
  0.0756
  0.0795
  0.1676
  0.1815
  0.2167
  0.2116
  0.1771
  0.1491
  0.1585
  0.2582
  0.2795
  0.1369
  0.0774
  0.2226
  0.1568
  0.1249
  0.1364
  0.1548
  0.1899
  0.1974
  0.2329
  0.1239
  0.1258
  0.1805
  0.1518
  0.2413
  0.2724
  0.2543
  0.1061
  0.0565
  0.1807
  0.1061
  0.1210
  0.1037
  0.1716
  0.2432
  0.2118
  0.0099
  0.0424
  0.1611
  0.1757
  0.1556
  0.2821
  0.2958
  0.2685
  0.2485
  0.2044
  0.0598
  0.1801
  0.0605
  0.0843
  0.1137
  0.1827
  0.2388
  0.0113
  0.0260
  0.0378
  0.0678
  0.1100
  0.2050
  0.1794
  0.3386
  0.2685
  0.2440
  0.1634
  0.1763
  0.1718
  0.1596
  0.0753
  0.1354
  0.1221
  0.1948
  0.0110
  0.0199
  0.0147
  0.1285
  0.1166
  0.0610
  0.1493
  0.2177
  0.2194
  0.3159
  0.2568
  0.2244
  0.1764
  0.1437
  0.0727
  0.1129
  0.1632
  0.2419
  0.0169
  0.0107
  0.0271
  0.0254
  0.0863
  0.0123
  0.0998
  0.2499
  0.2742
  0.2492
  0.2784
  0.2714
  0.2383
  0.1507
  0.0853
  0.0794
  0.1478
  0.2028
  0.0557
  0.0192
  0.0220
  0.0123
  0.0191
  0.1213
  0.0229
  0.1242
  0.0834
  0.3048
  0.3489
  0.2270
  0.2259
  0.2798
  0.1750
  0.1548
  0.1471
  0.2095
  0.0418
  0.0739
  0.0276
  0.0843
  0.0261
  0.0941
  0.0672
  0.0775
  0.0666
  0.1652
  0.1908
  0.3120
  0.3397
  0.3117
  0.3004
  0.1207
  0.1668
  0.1184
  0.0254
  0.0586
  0.0842
  0.0521
  0.1050
  0.0329
  0.1278
  0.0194
  0.1183
  0.0567
  0.2165
  0.3553
  0.2875
  0.3311
  0.3066
  0.2298
  0.2695
  0.1603
  0.0144
  0.0722
  0.0655
  0.1223
  0.1150
  0.0587
  0.0621
  0.0543
  0.0670
  0.0286
  0.0863
  0.2532
  0.3634
  0.2787
  0.2600
  0.3007
  0.2630
  0.2686
  0.0212
  0.0329
  0.0227
  0.1769
  0.0404
  0.1766
  0.1711
  0.0780
  0.0303
  0.0572
  0.0790
  0.1223
  0.1849
  0.2543
  0.2533
  0.2622
  0.3425
  0.2849
  0.0865
  0.0392
  0.0172
  0.1528
  0.0884
  0.1345
  0.1478
  0.0337
  0.0298
  0.0130
  0.0960
  0.0536
  0.0884
  0.2855
  0.3593
  0.3125
  0.3249
  0.1719
  0.0676
  0.0252
  0.0143
  0.0153
  0.1004
  0.1622
  0.0992
  0.1105
  0.0447
  0.0333
  0.0225
  0.0582
  0.1439
  0.2417
  0.2415
  0.2502
  0.2157
  0.0121
  0.0274
  0.0285
  0.0837
  0.0230
  0.1804
  0.1203
  0.0777
  0.0396
  0.0186
  0.0222
  0.0680
  0.2899
  0.3396
  0.1527
  0.0778
  0.0365
  0.0279
  0.0238
  0.0529
  0.1635
  0.2149
  0.0263
  0.0377
  0.0162
  0.0529
  0.1038
  0.0208
  0.0172
  0.0208
  0.1235
  0.1716
  0.2048
  0.0131
  0.0852
  0.1373
  0.0457
  0.0333
  0.0677
  0.0620
  0.0641
  0.0787
  0.1143
  0.1123
  0.1279
  0.0641
  0.0627
  0.0510
  0.0837
  0.0870
  0.0322
  0.0352
  0.1144
  0.1213
  0.1258
  0.1306
  0.1044
  0.0775
  0.0623
  0.0407
  0.0229
  0.0799
  0.1297
  0.1487
  0.1255
  0.1119
  0.1544
  0.1109
  0.0794
  0.0336
  0.0504
  0.1133
  0.1338
  0.1256
  0.1887
  0.1395
  0.1174
  0.1408
  0.1518
  0.0923
  0.0980
  0.0127
  0.1425
  0.1033
  0.1423
  0.1271
  0.1320
  0.1437
  0.1378
  0.1189
  0.1522
  0.0781
  0.0646
  0.0329
  0.0484
  0.1201
  0.1898
  0.1057
  0.1344
  0.1494
  0.1340
  0.0962
  0.1241
  0.1626
  0.1174
  0.0735
  0.0416
  0.0254
  0.0143
  0.1045
  0.1240
  0.1714
  0.1141
  0.1072
  0.0404
  0.0870
  0.1016
  0.1973
  0.0977
  0.0601
  0.0588
  0.0355
  0.0209
  0.0925
  0.1054
  0.0943
  0.0904
  0.0802
  0.0944
  0.0481
  0.0142
  0.0483
  0.0805
  0.0360
  0.1260
  0.0677
  0.0331
  0.0467
  0.0624
  0.0361
  0.0751
  0.0601
  0.0492
  0.0835
  0.0651
  0.1080
  0.0884
  0.0763
  0.0832
  0.1166
  0.0837
  0.0416
  0.0418
  0.0758
  0.0128
  0.0091
  0.0156
  0.0209
  0.0493
  0.0557
  0.0796
  0.0752
  0.1031
  0.0848
  0.1161
  0.1144
  0.0432
  0.0182
  0.0309
  0.0315
  0.0215
  0.0149
  0.0199
  0.0365
  0.0289
  0.0182
  0.0362
  0.1152
  0.1321
  0.1052
  0.0720
  0.0782
  0.0350
  0.0631
  0.0807
  0.0293
  0.0344
  0.0284
  0.0161
  0.0474
  0.0221
  0.0310
  0.0238
  0.0237
  0.0899
  0.0976
  0.0908
  0.0329
  0.0557
  0.0827
  0.0584
  0.0763
  0.0743
  0.0200
  0.0341
  0.0247
  0.0365
  0.0495
  0.0097
  0.0106
  0.0194
  0.0419
  0.0751
  0.1011
  0.0624
  0.0550
  0.1176
  0.0998
  0.0579
  0.0846
  0.0628
  0.0202
  0.0192
  0.0311
  0.0247
  0.0541
  0.0150
  0.0186
  0.0221
  0.0134
  0.0366
  0.0566
  0.0678
  0.0615
  0.0637
  0.1130
  0.0266
  0.0259
  0.0806
  0.0573
  0.0478
  0.0341
  0.0605
  0.0675
  0.0471
  0.0204
  0.0594
  0.0558
  0.0231
  0.0318
  0.0561
  0.0793
  0.0376
  0.0587
  0.0363
  0.0163
  0.0418
  0.0630
  0.0895
  0.0842
  0.0234
  0.0714
  0.0672
  0.0341
  0.0222
  0.0562
  0.0345
  0.0314
  0.0277
  0.0317
  0.0486
  0.0488
  0.0303
  0.0195
  0.0425
  0.0539
  0.1016
  0.0859
  0.0282
  0.0268
  0.0208
  0.0462
  0.0232
  0.0520
  0.0907
  0.1010
  0.0603
  0.0594
  0.1044
  0.0188
  0.0182
  0.0150
  0.0795
  0.0788
  0.0528
  0.0474
  0.0547
  0.0537
  0.0221
  0.0462
  0.0464
  0.1076
  0.1361
  0.0772
  0.1025
  0.0702
  0.0663
  0.0681
  0.0212
  0.0148
  0.0504
  0.0424
  0.1287
  0.1129
  0.1099
  0.0182
  0.0141
  0.0227
  0.0561
  0.1331
  0.1212
  0.0775
  0.1064
  0.1368
  0.1344
  0.1315
  0.0861
  0.0838
  0.0477
  0.0863
  0.1505
  0.0630
  0.0966
  0.0496
  0.0316
  0.0649
  0.0509
  0.0909
  0.0995
  0.1056
  0.0884
  0.1205
  0.0602
  0.0527
  0.0927
  0.0892
  0.0404
  0.1032
  0.1327
  0.1347
  0.0832
  0.0544
  0.0822
  0.0494
  0.0542
  0.0520
  0.0595
  0.0688
  0.0792
  0.0924
  0.0483
  0.0861
  0.0481
  0.0344
  0.1082
  0.1094
  0.1053
  0.1149
  0.1418
  0.1060
  0.0593
  0.0899
  0.0575
  0.0456
  0.0706
  0.0681
  0.0911
  0.0678
  0.0476
  0.0803
  0.0415
  0.0380
  0.0252
  0.0874
  0.0861
  0.1124
  0.0646
  0.1012
  0.0503
  0.0303
  0.0992
  0.0822
  0.0627
  0.0822
  0.0697
  0.0853
  0.0666
  0.0170
  0.0119
  0.0198
  0.0475
  0.0784
  0.0794
  0.1295
  0.0723
  0.0590
  0.1450
  0.1273
  0.0824
  0.1476
  0.0320
  0.0393
  0.0354
  0.0481
  0.1384
  0.1219
  0.1123
  0.0720
  0.0572
  0.1248
  0.1315
  0.1331
  0.1104
  0.0970
  0.1609
  0.1354
  0.1453
  0.0594
  0.0578
  0.0816
  0.3373
  0.3153
  0.2800
  0.3470
  0.2582
  0.2080
  0.3246
  0.2272
  0.3298
  0.3551
  0.2938
  0.3349
  0.1457
  0.0968
  0.1969
  0.2463
  0.2593
  0.2383
  0.2748
  0.2777
  0.1552
  0.1447
  0.1214
  0.1088
  0.1642
  0.1717
  0.2305
  0.2532
  0.3554
  0.1935
  0.1157
  0.1937
  0.0973
  0.1571
  0.0519
  0.1569
  0.2394
  0.2449
  0.3109
  0.1819
  0.2244
  0.1585
  0.1443
  0.1063
  0.0377
  0.0928
  0.0989
  0.1988
  0.2010
  0.3250
  0.2774
  0.2094
  0.1947
  0.2286
  0.2259
  0.1429
  0.1470
  0.0635
  0.0180
  0.1073
  0.1337
  0.1328
  0.2325
  0.2447
  0.1194
  0.1890
  0.2978
  0.2243
  0.1789
  0.2018
  0.1677
  0.1888
  0.0451
  0.0551
  0.1764
  0.1748
  0.1437
  0.2145
  0.1385
  0.0987
  0.1501
  0.1975
  0.2691
  0.2729
  0.2160
  0.2308
  0.1868
  0.0926
  0.0470
  0.1455
  0.2515
  0.1815
  0.1216
  0.0715
  0.0642
  0.1237
  0.1588
  0.1793
  0.2279
  0.1978
  0.2458
  0.2449
  0.2067
  0.1035
  0.0897
  0.2488
  0.1978
  0.1080
  0.0619
  0.1651
  0.1201
  0.0913
  0.1581
  0.1803
  0.1662
  0.1770
  0.1786
  0.3284
  0.1693
  0.1528
  0.2144
  0.2598
  0.0724
  0.0466
  0.1207
  0.0619
  0.1669
  0.1198
  0.1703
  0.1874
  0.1720
  0.2262
  0.1458
  0.1668
  0.2486
  0.2398
  0.1846
  0.1995
  0.0551
  0.0823
  0.0918
  0.1198
  0.1040
  0.1582
  0.1491
  0.1722
  0.2784
  0.2287
  0.3006
  0.2466
  0.2502
  0.2117
  0.1574
  0.0992
  0.1413
  0.1852
  0.0241
  0.0509
  0.0174
  0.1127
  0.1251
  0.1131
  0.1302
  0.1762
  0.2804
  0.3056
  0.2128
  0.2181
  0.3362
  0.2558
  0.1629
  0.1824
  0.0847
  0.0895
  0.0586
  0.0216
  0.0242
  0.0523
  0.0954
  0.1602
  0.0396
  0.1416
  0.2369
  0.2739
  0.2524
  0.2449
  0.3224
  0.1987
  0.1905
  0.1775
  0.1253
  0.0842
  0.0628
  0.0126
  0.0255
  0.0281
  0.0694
  0.1618
  0.1025
  0.1532
  0.2615
  0.1846
  0.2153
  0.2337
  0.2349
  0.2570
  0.1960
  0.1268
  0.1427
  0.0857
  0.0566
  0.0218
  0.0270
  0.0137
  0.0306
  0.2001
  0.1198
  0.1683
  0.1429
  0.1977
  0.2115
  0.2544
  0.2393
  0.2401
  0.2725
  0.1396
  0.1514
  0.1252
  0.0435
  0.0472
  0.0893
  0.0297
  0.0495
  0.2152
  0.1271
  0.1496
  0.1139
  0.1840
  0.1512
  0.2851
  0.2420
  0.1941
  0.2019
  0.1392
  0.1587
  0.1894
  0.0998
  0.0309
  0.0619
  0.0330
  0.0366
  0.1438
  0.1294
  0.2335
  0.2602
  0.2398
  0.1553
  0.3355
  0.2992
  0.2885
  0.1976
  0.2159
  0.1191
  0.1972
  0.0716
  0.0570
  0.1199
  0.1010
  0.1150
  0.0812
  0.0978
  0.1367
  0.2573
  0.1930
  0.3033
  0.3259
  0.2864
  0.2261
  0.1999
  0.2301
  0.2615
  0.1525
  0.0979
  0.1333
  0.1260
  0.1334
  0.0769
  0.0360
  0.1031
  0.2182
  0.2171
  0.3093
  0.3229
  0.2863
  0.2693
  0.2605
  0.3128
  0.1969
  0.1927
  0.0707
  0.1402
  0.1303
  0.1748
  0.1383
  0.2225
  0.3397
  0.3531
  0.2389
  0.2913
  0.2864
  0.2216
  0.3095
  0.2390
  0.1615
  0.0867
  0.2036
  0.2514
  0.2797
  0.2910
  0.3341
  0.3594
  0.3438
  0.2254
  0.1357
  0.1040
  0.1144
  0.1222
  0.1013
  0.1863
  0.1542
  0.0939
  0.1385
  0.1126
  0.0898
  0.1171
  0.1074
  0.1835
  0.1588
  0.1733
  0.1494
  0.1473
  0.1681
  0.1396
  0.1149
  0.1574
  0.1681
  0.2219
  0.1325
  0.1629
  0.1775
  0.2090
  0.1620
  0.0957
  0.1198
  0.1135
  0.1519
  0.1593
  0.1991
  0.2253
  0.2489
  0.1980
  0.1146
  0.0729
  0.0471
  0.1099
  0.0989
  0.0987
  0.1646
  0.1869
  0.1774
  0.2450
  0.1711
  0.2140
  0.1116
  0.0174
  0.0494
  0.0767
  0.0418
  0.1435
  0.1680
  0.2173
  0.2103
  0.2164
  0.1808
  0.1990
  0.2095
  0.1665
  0.0198
  0.0162
  0.0275
  0.0744
  0.0713
  0.0981
  0.1982
  0.1761
  0.1798
  0.2375
  0.1275
  0.1167
  0.1249
  0.1615
  0.0272
  0.0639
  0.0268
  0.1001
  0.0650
  0.1527
  0.1838
  0.2141
  0.1490
  0.1402
  0.0911
  0.1509
  0.0674
  0.1299
  0.0928
  0.0625
  0.0929
  0.0523
  0.1051
  0.1980
  0.1665
  0.1994
  0.1718
  0.0742
  0.1215
  0.1186
  0.0837
  0.1146
  0.1435
  0.0437
  0.0145
  0.0294
  0.0747
  0.1659
  0.1475
  0.1533
  0.1314
  0.1288
  0.0391
  0.0136
  0.0361
  0.0657
  0.1637
  0.0702
  0.1002
  0.0732
  0.0171
  0.0618
  0.1759
  0.1624
  0.1952
  0.1238
  0.1029
  0.0700
  0.0130
  0.0123
  0.1360
  0.1269
  0.0765
  0.0867
  0.1411
  0.0536
  0.0669
  0.1285
  0.1458
  0.1591
  0.1384
  0.1011
  0.1282
  0.1024
  0.0494
  0.0460
  0.1325
  0.0917
  0.1052
  0.1038
  0.0662
  0.0477
  0.0402
  0.1049
  0.1783
  0.1174
  0.1937
  0.1647
  0.1440
  0.1155
  0.0614
  0.0797
  0.1524
  0.0607
  0.0839
  0.0696
  0.0992
  0.0302
  0.0621
  0.0885
  0.1380
  0.1196
  0.2000
  0.1232
  0.1266
  0.1441
  0.1208
  0.0827
  0.0460
  0.0920
  0.0708
  0.0810
  0.1626
  0.2219
  0.0524
  0.0780
  0.0740
  0.1117
  0.2050
  0.1494
  0.1540
  0.1363
  0.1411
  0.1128
  0.1070
  0.1139
  0.1335
  0.0880
  0.0977
  0.2300
  0.1630
  0.0633
  0.0799
  0.0688
  0.1878
  0.2134
  0.1594
  0.1237
  0.2341
  0.0993
  0.1091
  0.0735
  0.1710
  0.1432
  0.0623
  0.1339
  0.1431
  0.2330
  0.0266
  0.0517
  0.0999
  0.1781
  0.1638
  0.1832
  0.1547
  0.1268
  0.0443
  0.0997
  0.0690
  0.1220
  0.0916
  0.0923
  0.1988
  0.2252
  0.1729
  0.0215
  0.0565
  0.1254
  0.1149
  0.1905
  0.2157
  0.1222
  0.1173
  0.1086
  0.1535
  0.1214
  0.1416
  0.1150
  0.1549
  0.2275
  0.1410
  0.1519
  0.0665
  0.0555
  0.1074
  0.1210
  0.1500
  0.1127
  0.1675
  0.0808
  0.1024
  0.1282
  0.1042
  0.1777
  0.1267
  0.1873
  0.2350
  0.1658
  0.0317
  0.0497
  0.0774
  0.1396
  0.0814
  0.1410
  0.0852
  0.0826
  0.1669
  0.1170
  0.1330
  0.1657
  0.1424
  0.1530
  0.1752
  0.1299
  0.0207
  0.0420
  0.0272
  0.0852
  0.1236
  0.1082
  0.1635
  0.1280
  0.1458
  0.1837
  0.1407
  0.2426
  0.1852
  0.0805
  0.1534
  0.0231
  0.0279
  0.1239
  0.1184
  0.1159
  0.1564
  0.0823
  0.1261
  0.0815
  0.1067
  0.1150
  0.1468
  0.1329
  0.1373
  0.0975
  0.0670
  0.0752
  0.0886
  0.1056
  0.1281
  0.0107
  0.0149
  0.0957
  0.0875
  0.0710
  0.2285
  0.1160
  0.0348
  0.0200
  0.0216
  0.0804
  0.1189
  0.1645
  0.1739
  0.1639
  0.0991
  0.0517
  0.0303
  0.0249
  0.1252
  0.3499
  0.2938
  0.1048
  0.0717
  0.0979
  0.0845
  0.0903
  0.0546
  0.0833
  0.2993
  0.3154
  0.3537
  0.3190
  0.1848
  0.0663
  0.0744
  0.0801
  0.1243
  0.0718
  0.2447
  0.2326
  0.2819
  0.3129
  0.3292
  0.2469
  0.1614
  0.0994
  0.0508
  0.1113
  0.0695
  0.1379
  0.2383
  0.2923
  0.3027
  0.2227
  0.1895
  0.2060
  0.3318
  0.1982
  0.2205
  0.1658
  0.1303
  0.1250
  0.1032
  0.1749
  0.3284
  0.2948
  0.2446
  0.2404
  0.2216
  0.3061
  0.3015
  0.2491
  0.2023
  0.1834
  0.0756
  0.1626
  0.0976
  0.0857
  0.1536
  0.2196
  0.1865
  0.2603
  0.2979
  0.2555
  0.1847
  0.1836
  0.2504
  0.2301
  0.1327
  0.0660
  0.1346
  0.1852
  0.0950
  0.1109
  0.1746
  0.2483
  0.1125
  0.1485
  0.3452
  0.3414
  0.2268
  0.2954
  0.2999
  0.2185
  0.1942
  0.0663
  0.1998
  0.1819
  0.1400
  0.1178
  0.1229
  0.1609
  0.1477
  0.1681
  0.2008
  0.2366
  0.1539
  0.2996
  0.2754
  0.2386
  0.2674
  0.2194
  0.3114
  0.1608
  0.1892
  0.0836
  0.0468
  0.0704
  0.1208
  0.1580
  0.2406
  0.1844
  0.1790
  0.1159
  0.2049
  0.2658
  0.2287
  0.2100
  0.2524
  0.2242
  0.1430
  0.2156
  0.1421
  0.0391
  0.0190
  0.0935
  0.0646
  0.1283
  0.2314
  0.1254
  0.0924
  0.2272
  0.2028
  0.2635
  0.2228
  0.2496
  0.3424
  0.3160
  0.2269
  0.1977
  0.1950
  0.0850
  0.0742
  0.0463
  0.0348
  0.0821
  0.1257
  0.0848
  0.0762
  0.2048
  0.2311
  0.3496
  0.2476
  0.3440
  0.3325
  0.2397
  0.2622
  0.2244
  0.1643
  0.1819
  0.0841
  0.0815
  0.0662
  0.0289
  0.0962
  0.0648
  0.0556
  0.3232
  0.2791
  0.2480
  0.2867
  0.2993
  0.2676
  0.3207
  0.1566
  0.1556
  0.2013
  0.1587
  0.1418
  0.0533
  0.0846
  0.1079
  0.0799
  0.0957
  0.1681
  0.3572
  0.3625
  0.3163
  0.2409
  0.2057
  0.3076
  0.2936
  0.2262
  0.2530
  0.2108
  0.2188
  0.1576
  0.1355
  0.1709
  0.1005
  0.1596
  0.0276
  0.0531
  0.1482
  0.2119
  0.2489
  0.2816
  0.2716
  0.2497
  0.2285
  0.2489
  0.2202
  0.2287
  0.2368
  0.2284
  0.2190
  0.1707
  0.1103
  0.0786
  0.0188
  0.0408
  0.0848
  0.1613
  0.2239
  0.2089
  0.2866
  0.2484
  0.2171
  0.2245
  0.2071
  0.2289
  0.2507
  0.2540
  0.2767
  0.2045
  0.0217
  0.0505
  0.0374
  0.0399
  0.0914
  0.1164
  0.2883
  0.1665
  0.1692
  0.3059
  0.2171
  0.2386
  0.2966
  0.2185
  0.3272
  0.2732
  0.1277
  0.0437
  0.0748
  0.1234
  0.0722
  0.0933
  0.1181
  0.1332
  0.1858
  0.2537
  0.2560
  0.3277
  0.2348
  0.2298
  0.3188
  0.3241
  0.2054
  0.1182
  0.1189
  0.0820
  0.0657
  0.0820
  0.0350
  0.1252
  0.1316
  0.2074
  0.1953
  0.1594
  0.2147
  0.2347
  0.2378
  0.1331
  0.1320
  0.1015
  0.1463
  0.1454
  0.1479
  0.1554
  0.1990
  0.2527
  0.2604
  0.2188
  0.2253
  0.1026
  0.0970
  0.2154
  0.2230
  0.1857
  0.2211
  0.1986
  0.1997