      Well:      PRO-4

                                             Y1             Y2             Y3             Y1             Y2             Y3
                                     PUNQS3.irf     PUNQS3.irf     PUNQS3.irf     PUNQS3.irf     PUNQS3.irf     PUNQS3.irf
            TIME            DATE  Gas Oil Ratio   Water Cut SC           Well  Gas Oil Ratio   Water Cut SC           Well
                                             SC                   Bottom-hole             SC                   Bottom-hole
                                                                     Pressure                                     Pressure
           (day)                        (m3/m3)             ()          (kPa)        (m3/m3)             ()          (kPa)
    0.0099999998      1967-01-01           0.00           0.00       22507.80           0.00           0.00       22405.52
       1.0100000      1967-01-02          74.00   8.44951e-011       22478.69          74.00   7.52994e-011       22378.07
       31.000000      1967-02-01          73.97   1.27750e-009       22383.07          73.98   1.23498e-009       22282.66
       59.000000      1967-03-01          73.78   3.21949e-009       22318.64          73.79   3.16480e-009       22217.43
       90.000000      1967-04-01          73.59   5.67272e-009       22253.98          73.60   5.59486e-009       22152.36
       91.000000      1967-04-02          73.52   6.81028e-009       21187.63          73.53   6.60599e-009       20985.10
       120.00000      1967-05-01          73.12   1.49874e-008       21020.90          73.19   1.32601e-008       20814.59
       151.00000      1967-06-01          72.74   2.55842e-008       20900.74          72.82   2.31913e-008       20688.66
       181.00000      1967-07-01          72.46   3.51954e-008       20799.40          72.45   3.55115e-008       20583.33
       182.00000      1967-07-02          72.51   3.33413e-008       21886.95          72.49   3.39837e-008       21774.64
       212.00000      1967-08-01          72.52   3.30042e-008       21887.79          72.50   3.38900e-008       21773.16
       243.00000      1967-09-01          72.44   3.59605e-008       21863.12          72.42   3.68626e-008       21748.52
       273.00000      1967-10-01          72.37   3.86463e-008       21839.66          72.35   3.95467e-008       21725.17
       274.00000      1967-10-02          72.39   3.76662e-008       22384.47          72.37   3.86720e-008       22322.78
       304.00000      1967-11-01          72.50   3.36795e-008       22421.26          72.48   3.45367e-008       22360.67
       334.00000      1967-12-01          72.53   3.25331e-008       22428.71          72.51   3.33097e-008       22368.58
       365.00000      1968-01-01          72.55   3.19449e-008       22434.00          72.53   3.26745e-008       22374.25
       366.00000      1968-01-02           0.00           0.00       22983.20           0.00           0.00       22977.14
       731.00000      1969-01-01           0.00           0.00       23253.79           0.00           0.00       23248.30
       1096.0000      1970-01-01           0.00           0.00       23358.05           0.00           0.00       23358.04
       1461.0000      1971-01-01           0.00           0.00       23411.69           0.00           0.00       23410.60
       1462.0000      1971-01-02          73.84   2.59451e-009       21821.12          73.85   2.54717e-009       21668.62
       1642.0000      1971-07-01          72.69   2.95526e-008       21241.13          72.74   2.77911e-008       21070.03
       1826.0000      1972-01-01          71.46   8.50054e-008       20845.24          71.43   8.64877e-008       20681.03
       1827.0000      1972-01-02           0.00           0.00       22567.21           0.00           0.00       22534.45
       1840.0000      1972-01-15           0.00           0.00       22630.57           0.00           0.00       22613.81
       1841.0000      1972-01-16          71.39   8.92455e-008       20935.03          71.35   9.11547e-008       20772.46
       2008.0000      1972-07-01          70.64   1.52774e-007       20513.49          70.59   1.53811e-007       20355.23
       2192.0000      1973-01-01          70.45   2.36395e-007       20155.87          70.23   2.21141e-007       19973.46
       2193.0000      1973-01-02           0.00           0.00       22192.58           0.00           0.00       22149.61
       2206.0000      1973-01-15           0.00           0.00       22271.91           0.00           0.00       22243.01
       2207.0000      1973-01-16          70.73   2.03624e-007       20267.78          70.49   2.07971e-007       20087.74
       2373.0000      1973-07-01          73.34   2.89478e-007       19895.79          71.52   2.94053e-007       19703.77
       2557.0000      1974-01-01          88.37   3.93333e-007       19612.40          76.18   3.99144e-007       19399.25
       2558.0000      1974-01-02           0.00           0.00       21908.86           0.00           0.00       21874.17
       2571.0000      1974-01-15           0.00           0.00       22003.52           0.00           0.00       21981.47
       2572.0000      1974-01-16          84.31   3.44291e-007       19745.38          75.70   3.47892e-007       19540.36
       2738.0000      1974-07-01         102.20   4.63679e-007       19425.73          88.68   4.70113e-007       19200.73
       2922.0000      1975-01-01         133.13   8.69429e-007       19177.27         103.67   6.46618e-007       18947.74
       2923.0000      1975-01-02           0.00           0.00       21634.34           0.00           0.00       21608.32
       2936.0000      1975-01-15           0.00           0.00       21754.81           0.00           0.00       21732.91
       2937.0000      1975-01-16         116.19   7.84993e-007       19344.17         102.60   6.53540e-007       19123.17
       3103.0000      1975-07-01         138.22   1.82316e-006       19028.37         112.83   1.34948e-006       18797.31
       3287.0000      1976-01-01         143.91   1.12182e-005       18821.24         125.66   1.11799e-005       18573.35
       3288.0000      1976-01-02           0.00           0.00       21397.28           0.00           0.00       21385.29
       3301.0000      1976-01-15           0.00           0.00       21534.58           0.00           0.00       21515.53
       3302.0000      1976-01-16         123.93   1.14489e-005       19013.10         111.15   1.15719e-005       18761.65
       3469.0000      1976-07-01         125.39   4.51444e-005       18679.44         113.48   5.65500e-005       18404.44
       3653.0000      1977-01-01         118.79    0.000171889       18396.86         113.22    0.000232382       18064.21
       3654.0000      1977-01-02           0.00           0.00       21241.70           0.00           0.00       21226.88
       3667.0000      1977-01-15           0.00           0.00       21398.16           0.00           0.00       21378.56
       3668.0000      1977-01-16         110.40    0.000241517       18617.16         105.93    0.000332988       18279.74
       3834.0000      1977-07-01         110.24    0.000576867       18088.26         104.96    0.000871204       17634.24
       4018.0000      1978-01-01         103.08     0.00549944       17482.27          96.58      0.0117374       16837.43
       4019.0000      1978-01-02           0.00           0.00       21114.65           0.00           0.00       21117.91
       4032.0000      1978-01-15           0.00           0.00       21283.16           0.00           0.00       21282.18
       4033.0000      1978-01-16          92.91     0.00967507       17713.92          85.36      0.0173134       17058.40
       4199.0000      1978-07-01          90.74      0.0257174       16675.40          82.73      0.0613835       15758.68
       4383.0000      1979-01-01          86.26       0.121617       15430.34          83.48       0.178050       14159.05
       4384.0000      1979-01-02           0.00           0.00       20971.19           0.00           0.00       20958.40
       4397.0000      1979-01-15           0.00           0.00       21159.05           0.00           0.00       21145.85
       4398.0000      1979-01-16          82.35       0.125937       15714.89          81.33       0.186063       14467.35
       4564.0000      1979-07-01          84.39       0.223342       14177.90          84.98       0.305070       12854.89
       4748.0000      1980-01-01          87.58       0.334289       12871.98          93.87       0.396903       11294.19
       4749.0000      1980-01-02           0.00           0.00       20682.05           0.00           0.00       20642.23
       4762.0000      1980-01-15           0.00           0.00       20917.23           0.00           0.00       20879.86
       4763.0000      1980-01-16          85.65       0.368426       13321.92          88.83       0.428257       11752.23
       4930.0000      1980-07-01          89.86       0.421150       11937.56         100.85       0.460538       10184.36
       5114.0000      1981-01-01          96.58       0.463851       10920.70         119.21       0.498805        9279.83
       5115.0000      1981-01-02           0.00           0.00       20365.67           0.00           0.00       20332.56
       5128.0000      1981-01-15           0.00           0.00       20628.63           0.00           0.00       20606.92
       5129.0000      1981-01-16          90.11       0.490595       11410.18          94.91       0.523880        9718.61
       5295.0000      1981-07-01          95.41       0.507110       10280.55         113.13       0.531138        8763.64
       5479.0000      1982-01-01         103.66       0.536168        9673.89         121.32       0.546685        8209.84
       5480.0000      1982-01-02           0.00           0.00       20145.85           0.00           0.00       20137.17
       5493.0000      1982-01-15           0.00           0.00       20438.52           0.00           0.00       20429.52
       5494.0000      1982-01-16          91.41       0.561153       10322.87          94.75       0.584326        8869.58
       5660.0000      1982-07-01          99.09       0.558952        9339.97         109.35       0.571125        8028.01
       5844.0000      1983-01-01         102.47       0.570436        9015.62         117.92       0.581530        7671.74
       5845.0000      1983-01-02           0.00           0.00       19966.59           0.00           0.00       19979.34
       5858.0000      1983-01-15           0.00           0.00       20281.12           0.00           0.00       20289.05
       5859.0000      1983-01-16          91.17       0.597906        9759.25          93.63       0.612778        8412.81
       6025.0000      1983-07-01          97.61       0.588103        8822.18         107.48       0.596641        7562.11

      Well:      PRO-5

                                             Y1             Y2             Y3             Y1             Y2             Y3
                                     PUNQS3.irf     PUNQS3.irf     PUNQS3.irf     PUNQS3.irf     PUNQS3.irf     PUNQS3.irf
            TIME            DATE  Gas Oil Ratio   Water Cut SC           Well  Gas Oil Ratio   Water Cut SC           Well
                                             SC                   Bottom-hole             SC                   Bottom-hole
                                                                     Pressure                                     Pressure
           (day)                        (m3/m3)             ()          (kPa)        (m3/m3)             ()          (kPa)
    0.0099999998      1967-01-01           0.00           0.00        5951.38           0.00           0.00        7011.66
       1.0100000      1967-01-02          74.00   2.35352e-010        5912.24          74.00   1.87665e-010        6976.09
       31.000000      1967-02-01          73.95   5.05997e-007        5624.38          73.96   4.44982e-007        6703.23
       59.000000      1967-03-01          73.78   2.26739e-006        5411.23          73.79   1.99219e-006        6503.69
       90.000000      1967-04-01          73.61   5.36548e-006        5203.87          73.63   4.70587e-006        6307.82
       91.000000      1967-04-02          73.58   5.50829e-006         101.32          73.60   4.83453e-006         101.32
       120.00000      1967-05-01          73.27   1.09079e-005         101.32          73.30   8.68780e-006         101.32
       151.00000      1967-06-01          72.99   2.18780e-005         101.32          73.01   1.76572e-005         101.32
       181.00000      1967-07-01          72.79   3.46233e-005         101.32          72.75   3.23027e-005         101.32
       182.00000      1967-07-02          72.80   3.50484e-005        4209.48          72.76   3.26965e-005        5318.52
       212.00000      1967-08-01          72.82   4.51865e-005        4129.49          72.80   4.18221e-005        5264.27
       243.00000      1967-09-01          72.76   6.01950e-005        3990.62          72.75   5.52093e-005        5142.39
       273.00000      1967-10-01          72.69   7.46862e-005        3847.63          72.69   6.80634e-005        5014.29
       274.00000      1967-10-02          72.73   7.50164e-005       13450.73          72.72   6.83642e-005       14030.58
       304.00000      1967-11-01          72.90   8.14669e-005       13532.15          72.89   7.40403e-005       14110.56
       334.00000      1967-12-01          72.96   8.97557e-005       13535.63          72.95   8.11724e-005       14117.17
       365.00000      1968-01-01          72.98   9.75111e-005       13526.01          72.97   8.78237e-005       14110.99
       366.00000      1968-01-02           0.00           0.00       23118.57           0.00           0.00       23114.60
       731.00000      1969-01-01           0.00           0.00       23392.91           0.00           0.00       23391.27
       1096.0000      1970-01-01           0.00           0.00       23476.59           0.00           0.00       23477.02
       1461.0000      1971-01-01           0.00           0.00       23522.88           0.00           0.00       23523.11
       1462.0000      1971-01-02          74.24   8.47533e-005         101.32          74.06   7.97057e-005         101.32
       1642.0000      1971-07-01          72.90    0.000181776         101.32          72.90    0.000166064         101.32
       1826.0000      1972-01-01          71.95    0.000521483         101.32          71.89    0.000445098         101.32
       1827.0000      1972-01-02           0.00           0.00       22738.23           0.00           0.00       22715.98
       1840.0000      1972-01-15           0.00           0.00       22848.46           0.00           0.00       22827.82
       1841.0000      1972-01-16          72.08    0.000894993         101.32          72.02    0.000675964         101.32
       2008.0000      1972-07-01          71.33     0.00212570         101.32          71.27     0.00204814         101.32
       2192.0000      1973-01-01          70.77     0.00370881         101.32          70.80     0.00358183         101.32
       2193.0000      1973-01-02           0.00           0.00       22446.57           0.00           0.00       22416.00
       2206.0000      1973-01-15           0.00           0.00       22555.36           0.00           0.00       22525.70
       2207.0000      1973-01-16          71.13     0.00362875         101.32          71.04     0.00395005         101.32
       2373.0000      1973-07-01          70.53     0.00460208         101.32          70.45     0.00513990         101.32
       2557.0000      1974-01-01          70.11     0.00600896         101.32          70.04     0.00680385         101.32
       2558.0000      1974-01-02           0.00           0.00       22243.08           0.00           0.00       22217.20
       2571.0000      1974-01-15           0.00           0.00       22351.01           0.00           0.00       22324.65
       2572.0000      1974-01-16          70.47     0.00587393         101.32          70.40     0.00669247         101.32
       2738.0000      1974-07-01          69.95     0.00694822         101.32          69.88     0.00778892         101.32
       2922.0000      1975-01-01          69.56      0.0117727         101.32          69.58      0.0101633         101.32
       2923.0000      1975-01-02           0.00           0.00       22072.18           0.00           0.00       22051.93
       2936.0000      1975-01-15           0.00           0.00       22176.71           0.00           0.00       22157.02
       2937.0000      1975-01-16          69.91      0.0113016         101.32          69.85      0.0110051         101.32
       3103.0000      1975-07-01          69.40      0.0186175         101.32          69.36      0.0147650         101.32
       3287.0000      1976-01-01          69.07      0.0311195         101.32          69.03      0.0213525         101.32
       3288.0000      1976-01-02           0.00           0.00       21920.44           0.00           0.00       21906.62
       3301.0000      1976-01-15           0.00           0.00       22022.93           0.00           0.00       22010.38
       3302.0000      1976-01-16          69.41      0.0305101         101.32          69.38      0.0207295         101.32
       3469.0000      1976-07-01          68.97      0.0394735         101.32          68.93      0.0264895         101.32
       3653.0000      1977-01-01          68.75      0.0556915         101.32          68.72      0.0342924         101.32
       3654.0000      1977-01-02           0.00           0.00       21805.11           0.00           0.00       21793.37
       3667.0000      1977-01-15           0.00           0.00       21907.17           0.00           0.00       21896.79
       3668.0000      1977-01-16          69.04      0.0609868         101.32          69.02      0.0359505         101.32
       3834.0000      1977-07-01          68.65      0.0764582         101.32          68.64      0.0419919         101.32
       4018.0000      1978-01-01          68.42       0.100172         101.32          68.42      0.0569146         101.32
       4019.0000      1978-01-02           0.00           0.00       21707.81           0.00           0.00       21703.81
       4032.0000      1978-01-15           0.00           0.00       21810.61           0.00           0.00       21806.06
       4033.0000      1978-01-16          68.72       0.103830         101.32          68.74      0.0611300         101.32
       4199.0000      1978-07-01          68.30       0.119188         101.32          68.31      0.0773053         101.32
       4383.0000      1979-01-01          68.02       0.138467         101.32          68.03      0.0985722         101.32
       4384.0000      1979-01-02           0.00           0.00       21597.79           0.00           0.00       21598.78
       4397.0000      1979-01-15           0.00           0.00       21700.29           0.00           0.00       21699.83
       4398.0000      1979-01-16          68.35       0.136578         101.32          68.36      0.0969359         101.32
       4564.0000      1979-07-01          67.90       0.155599         101.32          67.92       0.110298         101.32
       4748.0000      1980-01-01          67.59       0.175854         101.32          67.61       0.123862         101.32
       4749.0000      1980-01-02           0.00           0.00       21438.23           0.00           0.00       21441.19
       4762.0000      1980-01-15           0.00           0.00       21543.39           0.00           0.00       21542.39
       4763.0000      1980-01-16          67.85       0.177785         101.32          67.86       0.125486         101.32
       4930.0000      1980-07-01          67.29       0.190319         101.32          67.38       0.133516         101.32
       5114.0000      1981-01-01          66.95       0.200768         101.32          66.96       0.144938         101.32
       5115.0000      1981-01-02           0.00           0.00       21226.44           0.00           0.00       21229.13
       5128.0000      1981-01-15           0.00           0.00       21335.12           0.00           0.00       21333.40
       5129.0000      1981-01-16          67.20       0.201122         101.32          67.22       0.146079         101.32
       5295.0000      1981-07-01          66.69       0.207609         101.32          66.72       0.152459         101.32
       5479.0000      1982-01-01          66.24       0.215727         101.32          66.37       0.165487         101.32
       5480.0000      1982-01-02           0.00           0.00       21047.32           0.00           0.00       21059.90
       5493.0000      1982-01-15           0.00           0.00       21158.50           0.00           0.00       21167.78
       5494.0000      1982-01-16          66.64       0.212399         101.32          66.68       0.165671         101.32
       5660.0000      1982-07-01          66.11       0.217555         101.32          66.22       0.173561         101.32
       5844.0000      1983-01-01          65.78       0.222648         101.32          65.88       0.185799         101.32
       5845.0000      1983-01-02           0.00           0.00       20904.45           0.00           0.00       20930.20
       5858.0000      1983-01-15           0.00           0.00       21018.06           0.00           0.00       21040.31
       5859.0000      1983-01-16          66.18       0.219235         101.32          66.26       0.182825         101.32
       6025.0000      1983-07-01          65.69       0.223707         101.32          65.80       0.190382         101.32

      Well:     PRO-11

                                             Y1             Y2             Y3             Y1             Y2             Y3
                                     PUNQS3.irf     PUNQS3.irf     PUNQS3.irf     PUNQS3.irf     PUNQS3.irf     PUNQS3.irf
            TIME            DATE  Gas Oil Ratio   Water Cut SC           Well  Gas Oil Ratio   Water Cut SC           Well
                                             SC                   Bottom-hole             SC                   Bottom-hole
                                                                     Pressure                                     Pressure
           (day)                        (m3/m3)             ()          (kPa)        (m3/m3)             ()          (kPa)
    0.0099999998      1967-01-01           0.00           0.00       22045.31           0.00           0.00       21898.08
       1.0100000      1967-01-02          74.00   2.18805e-010       21997.89          74.00   2.06018e-010       21851.99
       31.000000      1967-02-01          73.79   4.45465e-009       21805.98          73.80   4.32731e-009       21661.29
       59.000000      1967-03-01          73.55   8.22363e-009       21734.38          73.56   8.04217e-009       21588.89
       90.000000      1967-04-01          73.37   1.17934e-008       21670.00          73.37   1.15978e-008       21523.42
       91.000000      1967-04-02          73.26   1.40708e-008       20059.12          73.28   1.37642e-008       19763.91
       120.00000      1967-05-01          72.67   3.19291e-008       19794.94          72.74   2.92905e-008       19488.54
       151.00000      1967-06-01          72.24   4.91370e-008       19651.35          72.32   4.55847e-008       19342.07
       181.00000      1967-07-01          71.95   6.33061e-008       19534.29          71.95   6.29573e-008       19226.61
       182.00000      1967-07-02          72.03   5.91873e-008       21195.23          72.03   5.90412e-008       21041.34
       212.00000      1967-08-01          72.28   4.73890e-008       21290.67          72.27   4.76197e-008       21134.68
       243.00000      1967-09-01          72.27   4.79254e-008       21280.88          72.26   4.82321e-008       21124.39
       273.00000      1967-10-01          72.22   5.04871e-008       21261.56          72.21   5.08024e-008       21104.81
       274.00000      1967-10-02          72.26   4.84637e-008       22087.04          72.25   4.88665e-008       22006.83
       304.00000      1967-11-01          72.46   4.01605e-008       22159.04          72.45   4.06263e-008       22078.46
       334.00000      1967-12-01          72.53   3.75737e-008       22174.91          72.51   3.80212e-008       22094.39
       365.00000      1968-01-01          72.55   3.67264e-008       22183.04          72.54   3.71439e-008       22102.74
       366.00000      1968-01-02           0.00           0.00       23001.93           0.00           0.00       22997.61
       731.00000      1969-01-01           0.00           0.00       23318.34           0.00           0.00       23315.72
       1096.0000      1970-01-01           0.00           0.00       23413.00           0.00           0.00       23412.70
       1461.0000      1971-01-01           0.00           0.00       23464.18           0.00           0.00       23464.17
       1462.0000      1971-01-02          73.92   3.19676e-009       21085.34          73.92   3.14787e-009       20865.56
       1642.0000      1971-07-01          72.27   5.37760e-008       20271.45          72.32   5.07384e-008       20031.82
       1826.0000      1972-01-01          71.04   1.43566e-007       19878.51          71.03   1.48766e-007       19634.90
       1827.0000      1972-01-02           0.00           0.00       22460.76           0.00           0.00       22454.88
       1840.0000      1972-01-15           0.00           0.00       22634.34           0.00           0.00       22623.74
       1841.0000      1972-01-16          71.30   1.38255e-007       20096.50          71.28   1.46000e-007       19850.79
       2008.0000      1972-07-01          70.23   3.66446e-007       19640.80          70.21   3.79792e-007       19390.36
       2192.0000      1973-01-01          69.49   9.05650e-007       19391.81          69.58   7.78209e-007       19121.10
       2193.0000      1973-01-02           0.00           0.00       22079.67           0.00           0.00       22058.30
       2206.0000      1973-01-15           0.00           0.00       22272.13           0.00           0.00       22243.48
       2207.0000      1973-01-16          70.14   7.87253e-007       19638.31          70.06   8.15391e-007       19365.27
       2373.0000      1973-07-01          69.18   1.53853e-006       19222.62          69.11   1.82945e-006       18945.01
       2557.0000      1974-01-01          68.62   3.43020e-006       19018.91          68.53   4.50323e-006       18729.76
       2558.0000      1974-01-02           0.00           0.00       21810.58           0.00           0.00       21774.87
       2571.0000      1974-01-15           0.00           0.00       22013.21           0.00           0.00       21974.05
       2572.0000      1974-01-16          69.31   3.17682e-006       19287.76          69.19   4.24880e-006       18992.18
       2738.0000      1974-07-01          68.40   5.72913e-006       18870.02          68.29   1.22360e-005       18550.53
       2922.0000      1975-01-01          67.81   9.55692e-005       18534.22          67.84    0.000114461       18194.81
       2923.0000      1975-01-02           0.00           0.00       21553.04           0.00           0.00       21521.39
       2936.0000      1975-01-15           0.00           0.00       21762.14           0.00           0.00       21722.25
       2937.0000      1975-01-16          68.51   9.19750e-005       18810.41          68.39    0.000166498       18466.69
       3103.0000      1975-07-01          67.59     0.00165026       18202.23          67.52     0.00238032       17869.62
       3287.0000      1976-01-01          67.09      0.0175704       17709.00          67.03      0.0197163       17395.91
       3288.0000      1976-01-02           0.00           0.00       21332.32           0.00           0.00       21314.18
       3301.0000      1976-01-15           0.00           0.00       21541.81           0.00           0.00       21517.65
       3302.0000      1976-01-16          67.79      0.0168035       18006.11          67.73      0.0189355       17689.55
       3469.0000      1976-07-01          66.92      0.0600116       17298.76          66.87      0.0587473       17011.05
       3653.0000      1977-01-01          66.52       0.150472       16733.29          66.48       0.139185       16477.62
       3654.0000      1977-01-02           0.00           0.00       21129.83           0.00           0.00       21118.60
       3667.0000      1977-01-15           0.00           0.00       21348.45           0.00           0.00       21337.84
       3668.0000      1977-01-16          67.16       0.174600       17070.27          67.15       0.160438       16825.68
       3834.0000      1977-07-01          66.27       0.245378       16167.64          66.28       0.206006       15511.77
       4018.0000      1978-01-01          66.17       0.329022       14747.68          66.27       0.278065       13469.71
       4019.0000      1978-01-02           0.00           0.00       20898.03           0.00           0.00       20915.42
       4032.0000      1978-01-15           0.00           0.00       21161.31           0.00           0.00       21171.49
       4033.0000      1978-01-16          67.12       0.341321       15229.85          67.25       0.290977       13986.09
       4199.0000      1978-07-01          68.30       0.396847       12729.99          68.58       0.353402       10933.44
       4383.0000      1979-01-01          91.28       0.449928        9560.30          89.62       0.419957        7054.57
       4384.0000      1979-01-02           0.00           0.00       20631.97           0.00           0.00       20650.11
       4397.0000      1979-01-15           0.00           0.00       20935.05           0.00           0.00       20938.65
       4398.0000      1979-01-16          86.27       0.443543       10515.41          83.91       0.412071        8148.90
       4564.0000      1979-07-01         114.93       0.478323        6749.77         114.44       0.454887        3695.50
       4748.0000      1980-01-01         140.52       0.509662        3724.69         142.01       0.492288          21.15
       4749.0000      1980-01-02           0.00           0.00       20262.75           0.00           0.00       20246.72
       4762.0000      1980-01-15           0.00           0.00       20625.13           0.00           0.00       20600.67
       4763.0000      1980-01-16         130.45       0.504887        5691.72         131.33       0.481543        2252.27
       4930.0000      1980-07-01         152.18       0.529685        2219.92         151.73       0.509350         101.32
       5114.0000      1981-01-01         161.81       0.551654         244.31         155.62       0.530764         101.32
       5115.0000      1981-01-02           0.00           0.00       19910.65           0.00           0.00       20016.01
       5128.0000      1981-01-15           0.00           0.00       20310.61           0.00           0.00       20354.78
       5129.0000      1981-01-16         142.72       0.547916        2795.06         136.11       0.518416         101.32
       5295.0000      1981-07-01         161.04       0.565988         101.32         149.81       0.545240         101.32
       5479.0000      1982-01-01         162.95       0.589165         101.32         151.30       0.569925         101.32
       5480.0000      1982-01-02           0.00           0.00       19732.73           0.00           0.00       19875.46
       5493.0000      1982-01-15           0.00           0.00       20121.44           0.00           0.00       20198.70
       5494.0000      1982-01-16         141.31       0.579942         976.45         131.75       0.562737         101.32
       5660.0000      1982-07-01         160.69       0.600166         101.32         146.22       0.588478         101.32
       5844.0000      1983-01-01         162.79       0.620288         101.32         149.46       0.616257         101.32
       5845.0000      1983-01-02           0.00           0.00       19588.62           0.00           0.00       19740.51
       5858.0000      1983-01-15           0.00           0.00       19969.39           0.00           0.00       20058.03
       5859.0000      1983-01-16         140.99       0.612623         101.32         129.91       0.605442         101.32
       6025.0000      1983-07-01         160.54       0.632107         101.32         146.14       0.628999         101.32

      Well:     PRO-12

                                             Y1             Y2             Y3             Y1             Y2             Y3
                                     PUNQS3.irf     PUNQS3.irf     PUNQS3.irf     PUNQS3.irf     PUNQS3.irf     PUNQS3.irf
            TIME            DATE  Gas Oil Ratio   Water Cut SC           Well  Gas Oil Ratio   Water Cut SC           Well
                                             SC                   Bottom-hole             SC                   Bottom-hole
                                                                     Pressure                                     Pressure
           (day)                        (m3/m3)             ()          (kPa)        (m3/m3)             ()          (kPa)
    0.0099999998      1967-01-01           0.00           0.00       21574.12           0.00           0.00       21574.70
       1.0100000      1967-01-02          74.00   1.32545e-010       21537.12          74.00   1.40370e-010       21536.63
       31.000000      1967-02-01          73.97   4.44936e-009       21340.15          73.97   4.53917e-009       21338.36
       59.000000      1967-03-01          73.80   8.13926e-009       21269.87          73.79   8.26851e-009       21267.80
       90.000000      1967-04-01          73.64   1.12195e-008       21211.02          73.63   1.13943e-008       21208.55
       91.000000      1967-04-02          73.56   1.29130e-008       19080.17          73.55   1.31648e-008       19076.66
       120.00000      1967-05-01          73.02   2.79745e-008       18826.67          73.04   2.73926e-008       18805.36
       151.00000      1967-06-01          72.68   4.05182e-008       18707.37          72.69   4.00575e-008       18686.58
       181.00000      1967-07-01          72.46   4.99904e-008       18613.10          72.41   5.21545e-008       18594.08
       182.00000      1967-07-02          72.52   4.71208e-008       20801.01          72.48   4.90900e-008       20785.17
       212.00000      1967-08-01          72.78   3.66154e-008       20902.07          72.75   3.78561e-008       20891.24
       243.00000      1967-09-01          72.77   3.69092e-008       20891.77          72.74   3.79490e-008       20882.43
       273.00000      1967-10-01          72.71   3.91952e-008       20870.28          72.69   4.01599e-008       20861.94
       274.00000      1967-10-02          72.75   3.78140e-008       21957.35          72.72   3.87104e-008       21949.84
       304.00000      1967-11-01          72.95   3.04113e-008       22032.50          72.93   3.10666e-008       22026.50
       334.00000      1967-12-01          73.02   2.81429e-008       22047.73          73.00   2.87230e-008       22042.10
       365.00000      1968-01-01          73.03   2.75353e-008       22053.91          73.02   2.80755e-008       22048.63
       366.00000      1968-01-02           0.00           0.00       23132.09           0.00           0.00       23127.37
       731.00000      1969-01-01           0.00           0.00       23408.33           0.00           0.00       23406.88
       1096.0000      1970-01-01           0.00           0.00       23490.97           0.00           0.00       23491.32
       1461.0000      1971-01-01           0.00           0.00       23537.25           0.00           0.00       23537.47
       1462.0000      1971-01-02          74.28   2.46956e-009       20377.15          74.11   2.51612e-009       20374.54
       1642.0000      1971-07-01          72.76   4.04821e-008       19640.42          72.76   3.93833e-008       19622.24
       1826.0000      1972-01-01          71.77   9.82563e-008       19307.46          71.71   9.47235e-008       19289.46
       1827.0000      1972-01-02           0.00           0.00       22681.80           0.00           0.00       22663.87
       1840.0000      1972-01-15           0.00           0.00       22848.49           0.00           0.00       22834.18
       1841.0000      1972-01-16          72.08   8.50266e-008       19529.51          72.03   7.74084e-008       19516.20
       2008.0000      1972-07-01          71.13   2.13679e-007       19104.81          71.07   1.67533e-007       19087.20
       2192.0000      1973-01-01          70.54   7.10726e-007       18894.70          70.56   2.87057e-007       18869.27
       2193.0000      1973-01-02           0.00           0.00       22375.70           0.00           0.00       22347.03
       2206.0000      1973-01-15           0.00           0.00       22547.20           0.00           0.00       22523.80
       2207.0000      1973-01-16          71.11   6.24843e-007       19125.45          71.03   2.64843e-007       19107.40
       2373.0000      1973-07-01          70.29   1.81824e-006       18746.46          70.20   5.95506e-007       18733.34
       2557.0000      1974-01-01          69.85   7.54318e-006       18568.51          69.76   1.76509e-006       18571.08
       2558.0000      1974-01-02           0.00           0.00       22163.39           0.00           0.00       22136.69
       2571.0000      1974-01-15           0.00           0.00       22338.22           0.00           0.00       22316.21
       2572.0000      1974-01-16          70.44   7.33966e-006       18805.65          70.37   1.62139e-006       18814.46
       2738.0000      1974-07-01          69.70   1.91191e-005       18431.70          69.60   3.88959e-006       18455.79
       2922.0000      1975-01-01          69.29   6.13556e-005       18213.57          69.28   9.44629e-006       18286.18
       2923.0000      1975-01-02           0.00           0.00       21987.68           0.00           0.00       21961.70
       2936.0000      1975-01-15           0.00           0.00       22164.19           0.00           0.00       22144.34
       2937.0000      1975-01-16          69.88   6.09170e-005       18455.39          69.81   1.14247e-005       18536.29
       3103.0000      1975-07-01          69.14    0.000120260       18034.49          69.07   2.41355e-005       18161.14
       3287.0000      1976-01-01          68.78    0.000274502       17784.77          68.72   7.24938e-005       17959.63
       3288.0000      1976-01-02           0.00           0.00       21831.64           0.00           0.00       21811.93
       3301.0000      1976-01-15           0.00           0.00       22012.35           0.00           0.00       21998.39
       3302.0000      1976-01-16          69.40    0.000272568       18037.83          69.35   7.17827e-005       18218.94
       3469.0000      1976-07-01          68.68    0.000450731       17574.66          68.62    0.000140965       17797.79
       3653.0000      1977-01-01          68.44     0.00112889       17279.18          68.38    0.000282202       17547.35
       3654.0000      1977-01-02           0.00           0.00       21708.24           0.00           0.00       21691.50
       3667.0000      1977-01-15           0.00           0.00       21895.56           0.00           0.00       21883.91
       3668.0000      1977-01-16          69.00     0.00164161       17547.25          68.97    0.000334787       17818.33
       3834.0000      1977-07-01          68.35     0.00379249       17022.78          68.30    0.000540745       17305.97
       4018.0000      1978-01-01          68.10     0.00875910       16608.29          68.07     0.00351375       16937.23
       4019.0000      1978-01-02           0.00           0.00       21609.49           0.00           0.00       21599.04
       4032.0000      1978-01-15           0.00           0.00       21801.18           0.00           0.00       21795.00
       4033.0000      1978-01-16          68.69      0.0101847       16886.15          68.68     0.00484070       17216.92
       4199.0000      1978-07-01          68.00      0.0226109       16156.24          67.98      0.0101997       16503.61
       4383.0000      1979-01-01          67.67      0.0611911       15513.50          67.66      0.0400696       15848.46
       4384.0000      1979-01-02           0.00           0.00       21494.90           0.00           0.00       21491.65
       4397.0000      1979-01-15           0.00           0.00       21693.53           0.00           0.00       21690.85
       4398.0000      1979-01-16          68.33      0.0615879       15808.80          68.33      0.0408617       16139.30
       4564.0000      1979-07-01          67.54       0.108862       14899.97          67.54      0.0757583       15161.45
       4748.0000      1980-01-01          67.17       0.177492       14184.69          67.16       0.153402       14403.09
       4749.0000      1980-01-02           0.00           0.00       21314.63           0.00           0.00       21310.06
       4762.0000      1980-01-15           0.00           0.00       21531.45           0.00           0.00       21528.48
       4763.0000      1980-01-16          67.79       0.196951       14521.69          67.79       0.176694       14736.76
       4930.0000      1980-07-01          66.83       0.245024       13569.73          66.88       0.219534       13732.57
       5114.0000      1981-01-01          66.40       0.304355       12996.47          66.36       0.296197       13167.65
       5115.0000      1981-01-02           0.00           0.00       21068.53           0.00           0.00       21057.62
       5128.0000      1981-01-15           0.00           0.00       21308.74           0.00           0.00       21304.52
       5129.0000      1981-01-16          67.07       0.329486       13391.15          67.04       0.323133       13567.91
       5295.0000      1981-07-01          66.10       0.353035       12596.70          66.08       0.347546       12803.08
       5479.0000      1982-01-01          65.59       0.388187       12185.82          65.66       0.380110       12421.09
       5480.0000      1982-01-02           0.00           0.00       20868.15           0.00           0.00       20866.52
       5493.0000      1982-01-15           0.00           0.00       21124.70           0.00           0.00       21130.42
       5494.0000      1982-01-16          66.43       0.392885       12618.78          66.45       0.392818       12854.81
       5660.0000      1982-07-01          65.46       0.404932       11873.33          65.52       0.401334       12147.06
       5844.0000      1983-01-01          65.08       0.422883       11498.13          65.12       0.419381       11831.77
       5845.0000      1983-01-02           0.00           0.00       20712.20           0.00           0.00       20723.80
       5858.0000      1983-01-15           0.00           0.00       20980.28           0.00           0.00       20998.15
       5859.0000      1983-01-16          65.97       0.428095       11958.02          66.05       0.426403       12287.19
       6025.0000      1983-07-01          65.00       0.435646       11206.37          65.04       0.431461       11586.55

      Well:     PRO-15

                                             Y1             Y2             Y3             Y1             Y2             Y3
                                     PUNQS3.irf     PUNQS3.irf     PUNQS3.irf     PUNQS3.irf     PUNQS3.irf     PUNQS3.irf
            TIME            DATE  Gas Oil Ratio   Water Cut SC           Well  Gas Oil Ratio   Water Cut SC           Well
                                             SC                   Bottom-hole             SC                   Bottom-hole
                                                                     Pressure                                     Pressure
           (day)                        (m3/m3)             ()          (kPa)        (m3/m3)             ()          (kPa)
    0.0099999998      1967-01-01           0.00           0.00       21279.28           0.00           0.00       21534.64
       1.0100000      1967-01-02          74.00   2.33810e-010       21247.85          74.00   2.76066e-010       21503.19
       31.000000      1967-02-01          74.00   6.37531e-007       21089.91          74.00   8.91927e-007       21345.38
       59.000000      1967-03-01          73.92   2.68706e-006       20998.69          73.92   3.77272e-006       21253.69
       90.000000      1967-04-01          73.71   6.18702e-006       20904.79          73.71   8.71553e-006       21159.37
       91.000000      1967-04-02          73.64   6.44305e-006       18421.20          73.64   9.07817e-006       18930.69
       120.00000      1967-05-01          73.19   1.80720e-005       18114.93          73.26   2.18318e-005       18620.32
       151.00000      1967-06-01          72.76   4.39001e-005       17857.37          72.84   5.35532e-005       18356.91
       181.00000      1967-07-01          72.44   7.65641e-005       17619.14          72.43    0.000110170       18115.37
       182.00000      1967-07-02          72.49   7.72834e-005       20307.96          72.48    0.000111216       20553.52
       212.00000      1967-08-01          72.55   9.18929e-005       20308.85          72.54    0.000132176       20550.99
       243.00000      1967-09-01          72.49    0.000114663       20261.98          72.47    0.000164846       20502.55
       273.00000      1967-10-01          72.42    0.000137099       20213.43          72.41    0.000196962       20452.58
       274.00000      1967-10-02          72.46    0.000137491       21593.59          72.43    0.000197524       21710.48
       304.00000      1967-11-01          72.55    0.000145672       21627.62          72.54    0.000208860       21743.47
       334.00000      1967-12-01          72.60    0.000157277       21635.75          72.58    0.000224907       21751.52
       365.00000      1968-01-01          72.63    0.000168427       21640.48          72.61    0.000240262       21756.26
       366.00000      1968-01-02           0.00           0.00       23029.11           0.00           0.00       23024.21
       731.00000      1969-01-01           0.00           0.00       23350.76           0.00           0.00       23347.73
       1096.0000      1970-01-01           0.00           0.00       23467.76           0.00           0.00       23467.50
       1461.0000      1971-01-01           0.00           0.00       23525.44           0.00           0.00       23525.55
       1462.0000      1971-01-02          74.22    0.000140954       19527.30          74.16    0.000185716       19897.03
       1642.0000      1971-07-01          72.76    0.000329756       18401.72          72.81    0.000422545       18753.58
       1826.0000      1972-01-01          71.44    0.000806474       17512.24          71.41     0.00111968       17838.84
       1827.0000      1972-01-02           0.00           0.00       22575.25           0.00           0.00       22565.08
       1840.0000      1972-01-15           0.00           0.00       22665.04           0.00           0.00       22653.98
       1841.0000      1972-01-16          71.40    0.000997590       17641.41          71.36     0.00135614       17964.93
       2008.0000      1972-07-01          70.58     0.00299366       16842.36          70.54     0.00540507       17236.23
       2192.0000      1973-01-01          69.84     0.00851081       16160.64          69.92      0.0117994       16349.70
       2193.0000      1973-01-02           0.00           0.00       22179.93           0.00           0.00       22156.34
       2206.0000      1973-01-15           0.00           0.00       22281.75           0.00           0.00       22257.67
       2207.0000      1973-01-16          70.17     0.00820103       16331.60          70.09      0.0139549       16540.34
       2373.0000      1973-07-01          69.49      0.0174036       15126.21          69.41      0.0666579       14025.08
       2557.0000      1974-01-01          68.91      0.0865258       12612.97          68.77       0.204811       10763.53
       2558.0000      1974-01-02           0.00           0.00       21895.52           0.00           0.00       21853.13
       2571.0000      1974-01-15           0.00           0.00       22004.94           0.00           0.00       21966.59
       2572.0000      1974-01-16          69.27      0.0821398       12893.03          69.14       0.197698       11130.36
       2738.0000      1974-07-01          68.61       0.173374        9782.71          68.45       0.279579        9202.41
       2922.0000      1975-01-01          67.96       0.279220        7617.27          67.99       0.315994        8495.79
       2923.0000      1975-01-02           0.00           0.00       21604.46           0.00           0.00       21575.83
       2936.0000      1975-01-15           0.00           0.00       21729.89           0.00           0.00       21697.42
       2937.0000      1975-01-16          68.37       0.267979        8031.93          68.27       0.307821        8898.80
       3103.0000      1975-07-01          67.69       0.308206        6822.67          67.64       0.319890        8277.21
       3287.0000      1976-01-01          67.17       0.325451        6331.85          67.15       0.326021        7949.54
       3288.0000      1976-01-02           0.00           0.00       21362.19           0.00           0.00       21349.60
       3301.0000      1976-01-15           0.00           0.00       21491.74           0.00           0.00       21479.26
       3302.0000      1976-01-16          67.61       0.315105        6775.07          67.57       0.316410        8339.65
       3469.0000      1976-07-01          67.01       0.319822        6271.54          67.00       0.319005        7922.94
       3653.0000      1977-01-01          66.69       0.315442        6185.70          66.68       0.316084        7784.72
       3654.0000      1977-01-02           0.00           0.00       21183.95           0.00           0.00       21180.76
       3667.0000      1977-01-15           0.00           0.00       21318.05           0.00           0.00       21298.54
       3668.0000      1977-01-16          67.07       0.304323        6606.31          67.00       0.310493        8080.30
       3834.0000      1977-07-01          66.54       0.305957        6184.32          66.51       0.314836        7648.15
       4018.0000      1978-01-01          66.17       0.305673        6041.35          66.20       0.308408        7660.25
       4019.0000      1978-01-02           0.00           0.00       21018.33           0.00           0.00       21024.68
       4032.0000      1978-01-15           0.00           0.00       21151.89           0.00           0.00       21154.12
       4033.0000      1978-01-16          66.53       0.295930        6420.94          66.55       0.299449        7984.89
       4199.0000      1978-07-01          66.00       0.290788        6157.92          66.04       0.293997        7754.92
       4383.0000      1979-01-01          65.57       0.279754        6079.73          65.60       0.287511        7605.43
       4384.0000      1979-01-02           0.00           0.00       20848.27           0.00           0.00       20859.88
       4397.0000      1979-01-15           0.00           0.00       20969.46           0.00           0.00       20971.17
       4398.0000      1979-01-16          65.92       0.275226        6375.05          65.95       0.286829        7816.10
       4564.0000      1979-07-01          65.36       0.273223        6006.21          65.37       0.286181        7426.71
       4748.0000      1980-01-01          64.86       0.279703        5446.88          64.82       0.298753        5884.88
       4749.0000      1980-01-02           0.00           0.00       20594.19           0.00           0.00       20552.63
       4762.0000      1980-01-15           0.00           0.00       20695.02           0.00           0.00       20676.99
       4763.0000      1980-01-16          65.09       0.281330        5745.62          65.04       0.322512        6010.77
       4930.0000      1980-07-01          66.41       0.324561       -3298.93          66.28       0.347428         101.32
       5114.0000      1981-01-01          72.09       0.353022         101.32          78.44       0.386359         101.32
       5115.0000      1981-01-02           0.00           0.00       20329.11           0.00           0.00       20327.59
       5128.0000      1981-01-15           0.00           0.00       20427.41           0.00           0.00       20428.05
       5129.0000      1981-01-16          74.04       0.348491         101.32          78.56       0.381612         101.32
       5295.0000      1981-07-01          83.38       0.362407         101.32         107.82       0.396471         101.32
       5479.0000      1982-01-01         113.83       0.375328         101.32         132.35       0.411078         101.32
       5480.0000      1982-01-02           0.00           0.00       20140.21           0.00           0.00       20151.20
       5493.0000      1982-01-15           0.00           0.00       20223.73           0.00           0.00       20240.72
       5494.0000      1982-01-16          97.32       0.363141         101.32         109.23       0.399266         101.32
       5660.0000      1982-07-01         115.29       0.375868         101.32         127.31       0.412080         101.32
       5844.0000      1983-01-01         124.00       0.385460         101.32         133.01       0.419306         101.32
       5845.0000      1983-01-02           0.00           0.00       19971.87           0.00           0.00       19999.71
       5858.0000      1983-01-15           0.00           0.00       20053.53           0.00           0.00       20089.76
       5859.0000      1983-01-16         105.16       0.373603         101.32         107.28       0.405963         101.32
       6025.0000      1983-07-01         117.30       0.384687         101.32         123.07       0.415639         101.32

      Well:      PRO-1

                                             Y1             Y2             Y3             Y1             Y2             Y3
                                     PUNQS3.irf     PUNQS3.irf     PUNQS3.irf     PUNQS3.irf     PUNQS3.irf     PUNQS3.irf
            TIME            DATE  Gas Oil Ratio   Water Cut SC           Well  Gas Oil Ratio   Water Cut SC           Well
                                             SC                   Bottom-hole             SC                   Bottom-hole
                                                                     Pressure                                     Pressure
           (day)                        (m3/m3)             ()          (kPa)        (m3/m3)             ()          (kPa)
    0.0099999998      1967-01-01           0.00           0.00       22590.01           0.00           0.00       22476.07
       1.0100000      1967-01-02          74.00   1.03217e-010       22557.56          74.00   9.78614e-011       22444.44
       31.000000      1967-02-01          73.76   3.15638e-009       22388.83          73.76   3.16426e-009       22273.60
       59.000000      1967-03-01          73.51   6.50604e-009       22317.95          73.50   6.56711e-009       22201.15
       90.000000      1967-04-01          73.32   9.76204e-009       22255.67          73.32   9.87761e-009       22137.61
       91.000000      1967-04-02          73.25   1.11951e-008       21269.40          73.25   1.12730e-008       21035.51
       120.00000      1967-05-01          72.70   2.59609e-008       21044.40          72.75   2.43743e-008       20796.50
       151.00000      1967-06-01          72.27   4.16060e-008       20912.90          72.32   3.95826e-008       20662.09
       181.00000      1967-07-01          71.98   5.45071e-008       20807.21          71.95   5.58544e-008       20556.51
       182.00000      1967-07-02          72.03   5.20417e-008       21820.22          72.00   5.34707e-008       21689.81
       212.00000      1967-08-01          72.23   4.33413e-008       21891.56          72.20   4.45987e-008       21762.32
       243.00000      1967-09-01          72.22   4.38783e-008       21882.10          72.19   4.50358e-008       21753.44
       273.00000      1967-10-01          72.16   4.62418e-008       21863.62          72.14   4.73842e-008       21735.14
       274.00000      1967-10-02          72.19   4.49689e-008       22368.49          72.16   4.61494e-008       22299.82
       304.00000      1967-11-01          72.35   3.83212e-008       22426.43          72.33   3.93314e-008       22358.82
       334.00000      1967-12-01          72.42   3.58236e-008       22441.55          72.39   3.67144e-008       22374.55
       365.00000      1968-01-01          72.44   3.48836e-008       22449.62          72.42   3.57107e-008       22383.10
       366.00000      1968-01-02           0.00           0.00       22951.38           0.00           0.00       22944.15
       731.00000      1969-01-01           0.00           0.00       23258.15           0.00           0.00       23256.82
       1096.0000      1970-01-01           0.00           0.00       23354.69           0.00           0.00       23355.12
       1461.0000      1971-01-01           0.00           0.00       23406.38           0.00           0.00       23406.91
       1462.0000      1971-01-02          73.82   2.48974e-009       21949.36          73.83   2.45481e-009       21778.84
       1642.0000      1971-07-01          72.29   4.37515e-008       21233.14          72.33   4.18893e-008       21040.00
       1826.0000      1972-01-01          71.07   1.08236e-007       20875.83          71.04   1.10520e-007       20676.82
       1827.0000      1972-01-02           0.00           0.00       22449.41           0.00           0.00       22437.47
       1840.0000      1972-01-15           0.00           0.00       22584.26           0.00           0.00       22569.49
       1841.0000      1972-01-16          71.23   9.74815e-008       21038.18          71.18   1.00350e-007       20838.28
       2008.0000      1972-07-01          70.28   1.74272e-007       20660.45          70.24   1.75899e-007       20456.02
       2192.0000      1973-01-01          69.57   2.58953e-007       20449.12          69.63   2.39336e-007       20226.87
       2193.0000      1973-01-02           0.00           0.00       22081.38           0.00           0.00       22044.56
       2206.0000      1973-01-15           0.00           0.00       22218.20           0.00           0.00       22190.84
       2207.0000      1973-01-16          70.06   2.07722e-007       20622.59          69.97   2.06393e-007       20402.34
       2373.0000      1973-07-01          69.27   3.15264e-007       20309.40          69.18   3.11491e-007       20084.38
       2557.0000      1974-01-01          68.71   4.55424e-007       20142.63          68.62   4.43583e-007       19909.44
       2558.0000      1974-01-02           0.00           0.00       21810.84           0.00           0.00       21774.13
       2571.0000      1974-01-15           0.00           0.00       21951.41           0.00           0.00       21915.91
       2572.0000      1974-01-16          69.18   3.90534e-007       20307.31          69.07   3.80476e-007       20073.38
       2738.0000      1974-07-01          68.49   6.04589e-007       20029.76          68.37   5.79649e-007       19786.18
       2922.0000      1975-01-01          67.91   1.06530e-006       19849.01          67.92   8.58696e-007       19606.80
       2923.0000      1975-01-02           0.00           0.00       21556.18           0.00           0.00       21521.45
       2936.0000      1975-01-15           0.00           0.00       21692.54           0.00           0.00       21656.62
       2937.0000      1975-01-16          68.37   9.74783e-007       20014.76          68.27   8.69581e-007       19774.85
       3103.0000      1975-07-01          67.68   1.57273e-006       19732.55          67.60   1.36589e-006       19499.85
       3287.0000      1976-01-01          67.16   3.21308e-006       19568.38          67.09   2.58777e-006       19337.88
       3288.0000      1976-01-02           0.00           0.00       21332.26           0.00           0.00       21311.89
       3301.0000      1976-01-15           0.00           0.00       21467.40           0.00           0.00       21445.10
       3302.0000      1976-01-16          67.65   3.07728e-006       19747.05          67.60   2.45521e-006       19518.36
       3469.0000      1976-07-01          67.02   5.47047e-006       19418.50          66.96   4.21302e-006       19165.54
       3653.0000      1977-01-01          66.69   9.91144e-006       19139.05          66.70   7.35712e-006       18854.41
       3654.0000      1977-01-02           0.00           0.00       21142.20           0.00           0.00       21125.54
       3667.0000      1977-01-15           0.00           0.00       21294.23           0.00           0.00       21276.16
       3668.0000      1977-01-16          67.12   1.12779e-005       19332.85          67.15   8.24663e-006       19050.49
       3834.0000      1977-07-01          66.80   1.69024e-005       18946.40          66.91   1.21604e-005       18641.46
       4018.0000      1978-01-01          66.98   3.08689e-005       18644.51          67.50   2.14348e-005       18310.94
       4019.0000      1978-01-02           0.00           0.00       20981.09           0.00           0.00       20980.99
       4032.0000      1978-01-15           0.00           0.00       21132.90           0.00           0.00       21130.61
       4033.0000      1978-01-16          67.44   3.48699e-005       18844.00          67.65   2.36975e-005       18516.61
       4199.0000      1978-07-01          69.22   5.43524e-005       18430.34          71.67   3.53055e-005       18093.39
       4383.0000      1979-01-01          74.91   9.48996e-005       18087.96          78.17   5.98346e-005       17719.46
       4384.0000      1979-01-02           0.00           0.00       20786.52           0.00           0.00       20786.38
       4397.0000      1979-01-15           0.00           0.00       20933.02           0.00           0.00       20930.07
       4398.0000      1979-01-16          73.55   9.28951e-005       18315.87          76.53   5.82597e-005       17961.98
       4564.0000      1979-07-01          78.11    0.000134271       17825.38          84.74   8.35066e-005       17447.75
       4748.0000      1980-01-01          88.18    0.000194969       17417.28          99.04    0.000119845       17050.96
       4749.0000      1980-01-02           0.00           0.00       20490.75           0.00           0.00       20458.50
       4762.0000      1980-01-15           0.00           0.00       20645.07           0.00           0.00       20613.15
       4763.0000      1980-01-16          81.76    0.000210012       17666.19          90.19    0.000128367       17315.94
       4930.0000      1980-07-01          96.40    0.000288790       17170.21         101.57    0.000163344       16808.25
       5114.0000      1981-01-01         104.09    0.000387467       16814.29         108.30    0.000237644       16528.93
       5115.0000      1981-01-02           0.00           0.00       20162.78           0.00           0.00       20168.20
       5128.0000      1981-01-15           0.00           0.00       20326.68           0.00           0.00       20331.18
       5129.0000      1981-01-16          92.48    0.000422719       17094.69          95.23    0.000258684       16820.42
       5295.0000      1981-07-01         101.71    0.000530185       16646.26         103.35    0.000325570       16408.14
       5479.0000      1982-01-01         106.24    0.000806431       16368.07         107.24    0.000460165       16153.72
       5480.0000      1982-01-02           0.00           0.00       19951.37           0.00           0.00       19989.44
       5493.0000      1982-01-15           0.00           0.00       20117.33           0.00           0.00       20152.67
       5494.0000      1982-01-16          91.60    0.000786074       16662.99          92.85    0.000484537       16454.72
       5660.0000      1982-07-01         101.23     0.00101500       16218.20         101.56    0.000597535       16028.24
       5844.0000      1983-01-01         104.93     0.00164037       15923.41         107.05    0.000879076       15758.58
       5845.0000      1983-01-02           0.00           0.00       19781.48           0.00           0.00       19833.60
       5858.0000      1983-01-15           0.00           0.00       19947.47           0.00           0.00       19996.80
       5859.0000      1983-01-16          89.31     0.00168569       16232.60          91.52    0.000855489       16072.54
       6025.0000      1983-07-01          99.72     0.00399776       15767.90         100.72     0.00108777       15634.51

