      Well:      PRO-4

                                             Y1             Y2             Y3             Y1             Y2             Y3
                                     PUNQS3.irf     PUNQS3.irf     PUNQS3.irf     PUNQS3.irf     PUNQS3.irf     PUNQS3.irf
            TIME            DATE  Gas Oil Ratio   Water Cut SC           Well  Gas Oil Ratio   Water Cut SC           Well
                                             SC                   Bottom-hole             SC                   Bottom-hole
                                                                     Pressure                                     Pressure
           (day)                        (m3/m3)             ()          (kPa)        (m3/m3)             ()          (kPa)
    0.0099999998      1967-01-01           0.00           0.00       22507.80           0.00           0.00       22507.81
       1.0100000      1967-01-02          74.00   8.44951e-011       22478.69          74.00   7.58517e-011       22480.27
       31.000000      1967-02-01          73.97   1.27750e-009       22383.07          73.98   1.21771e-009       22385.99
       59.000000      1967-03-01          73.78   3.21949e-009       22318.64          73.79   3.10956e-009       22322.05
       90.000000      1967-04-01          73.59   5.67272e-009       22253.98          73.60   5.49808e-009       22258.04
       91.000000      1967-04-02          73.52   6.81028e-009       21187.63          73.54   6.50257e-009       21194.68
       120.00000      1967-05-01          73.12   1.49874e-008       21020.90          73.20   1.30398e-008       21028.39
       151.00000      1967-06-01          72.74   2.55842e-008       20900.74          72.83   2.27581e-008       20905.79
       181.00000      1967-07-01          72.46   3.51954e-008       20799.40          72.47   3.48168e-008       20803.22
       182.00000      1967-07-02          72.51   3.33413e-008       21886.95          72.51   3.32823e-008       21887.55
       212.00000      1967-08-01          72.52   3.30042e-008       21887.79          72.52   3.31756e-008       21886.22
       243.00000      1967-09-01          72.44   3.59605e-008       21863.12          72.44   3.61056e-008       21861.88
       273.00000      1967-10-01          72.37   3.86463e-008       21839.66          72.37   3.87525e-008       21838.81
       274.00000      1967-10-02          72.39   3.76662e-008       22384.47          72.39   3.78746e-008       22382.77
       304.00000      1967-11-01          72.50   3.36795e-008       22421.26          72.50   3.38264e-008       22420.04
       334.00000      1967-12-01          72.53   3.25331e-008       22428.71          72.53   3.26546e-008       22427.64
       365.00000      1968-01-01          72.55   3.19449e-008       22434.00          72.55   3.20469e-008       22433.10
       366.00000      1968-01-02           0.00           0.00       22983.20           0.00           0.00       22982.43
       731.00000      1969-01-01           0.00           0.00       23253.79           0.00           0.00       23250.37
       1096.0000      1970-01-01           0.00           0.00       23358.05           0.00           0.00       23359.27
       1461.0000      1971-01-01           0.00           0.00       23411.69           0.00           0.00       23411.34
       1462.0000      1971-01-02          73.84   2.59451e-009       21821.12          73.85   2.52621e-009       21823.68
       1642.0000      1971-07-01          72.69   2.95526e-008       21241.13          72.75   2.72637e-008       21238.99
       1826.0000      1972-01-01          71.46   8.50054e-008       20845.24          71.46   8.48827e-008       20850.89
       1827.0000      1972-01-02           0.00           0.00       22567.21           0.00           0.00       22564.84
       1840.0000      1972-01-15           0.00           0.00       22630.57           0.00           0.00       22624.89
       1841.0000      1972-01-16          71.39   8.92455e-008       20935.03          71.38   8.95622e-008       20939.00
       2008.0000      1972-07-01          70.64   1.52774e-007       20513.49          70.64   1.51874e-007       20527.60
       2192.0000      1973-01-01          70.45   2.36395e-007       20155.87          70.39   2.34435e-007       20173.21
       2193.0000      1973-01-02           0.00           0.00       22192.58           0.00           0.00       22192.61
       2206.0000      1973-01-15           0.00           0.00       22271.91           0.00           0.00       22271.24
       2207.0000      1973-01-16          70.73   2.03624e-007       20267.78          70.67   2.01693e-007       20285.31
       2373.0000      1973-07-01          73.34   2.89478e-007       19895.79          72.72   2.86750e-007       19914.23
       2557.0000      1974-01-01          88.37   3.93333e-007       19612.40          84.48   3.88249e-007       19632.38
       2558.0000      1974-01-02           0.00           0.00       21908.86           0.00           0.00       21909.40
       2571.0000      1974-01-15           0.00           0.00       22003.52           0.00           0.00       22013.00
       2572.0000      1974-01-16          84.31   3.44291e-007       19745.38          80.73   3.38331e-007       19767.35
       2738.0000      1974-07-01         102.20   4.63679e-007       19425.73          98.46   4.56805e-007       19448.08
       2922.0000      1975-01-01         133.13   8.69429e-007       19177.27         123.44   8.46065e-007       19204.21
       2923.0000      1975-01-02           0.00           0.00       21634.34           0.00           0.00       21648.45
       2936.0000      1975-01-15           0.00           0.00       21754.81           0.00           0.00       21765.13
       2937.0000      1975-01-16         116.19   7.84993e-007       19344.17         110.73   7.66068e-007       19367.48
       3103.0000      1975-07-01         138.22   1.82316e-006       19028.37         128.07   1.73622e-006       19061.93
       3287.0000      1976-01-01         143.91   1.12182e-005       18821.24         132.92   1.05604e-005       18864.23
       3288.0000      1976-01-02           0.00           0.00       21397.28           0.00           0.00       21420.60
       3301.0000      1976-01-15           0.00           0.00       21534.58           0.00           0.00       21553.17
       3302.0000      1976-01-16         123.93   1.14489e-005       19013.10         113.28   1.07957e-005       19048.71
       3469.0000      1976-07-01         125.39   4.51444e-005       18679.44         114.55   4.18985e-005       18731.84
       3653.0000      1977-01-01         118.79    0.000171889       18396.86         113.13    0.000158271       18465.27
       3654.0000      1977-01-02           0.00           0.00       21241.70           0.00           0.00       21268.19
       3667.0000      1977-01-15           0.00           0.00       21398.16           0.00           0.00       21417.65
       3668.0000      1977-01-16         110.40    0.000241517       18617.16         105.63    0.000222357       18674.09
       3834.0000      1977-07-01         110.24    0.000576867       18088.26         104.89    0.000526452       18180.13
       4018.0000      1978-01-01         103.08     0.00549944       17482.27          97.61     0.00457690       17607.20
       4019.0000      1978-01-02           0.00           0.00       21114.65           0.00           0.00       21146.04
       4032.0000      1978-01-15           0.00           0.00       21283.16           0.00           0.00       21305.31
       4033.0000      1978-01-16          92.91     0.00967507       17713.92          87.25     0.00840501       17822.32
       4199.0000      1978-07-01          90.74      0.0257174       16675.40          84.09      0.0232380       16870.52
       4383.0000      1979-01-01          86.26       0.121617       15430.34          81.70       0.109639       15705.51
       4384.0000      1979-01-02           0.00           0.00       20971.19           0.00           0.00       21006.05
       4397.0000      1979-01-15           0.00           0.00       21159.05           0.00           0.00       21182.03
       4398.0000      1979-01-16          82.35       0.125937       15714.89          80.00       0.113985       15974.82
       4564.0000      1979-07-01          84.39       0.223342       14177.90          81.50       0.205850       14505.54
       4748.0000      1980-01-01          87.58       0.334289       12871.98          85.30       0.322338       13129.46
       4749.0000      1980-01-02           0.00           0.00       20682.05           0.00           0.00       20723.83
       4762.0000      1980-01-15           0.00           0.00       20917.23           0.00           0.00       20944.80
       4763.0000      1980-01-16          85.65       0.368426       13321.92          83.71       0.359081       13546.22
       4930.0000      1980-07-01          89.86       0.421150       11937.56          89.49       0.417066       12046.21
       5114.0000      1981-01-01          96.58       0.463851       10920.70         102.34       0.462652       10952.35
       5115.0000      1981-01-02           0.00           0.00       20365.67           0.00           0.00       20403.74
       5128.0000      1981-01-15           0.00           0.00       20628.63           0.00           0.00       20656.07
       5129.0000      1981-01-16          90.11       0.490595       11410.18          91.25       0.489864       11414.76
       5295.0000      1981-07-01          95.41       0.507110       10280.55         102.47       0.506569       10307.85
       5479.0000      1982-01-01         103.66       0.536168        9673.89         113.43       0.530751        9662.18
       5480.0000      1982-01-02           0.00           0.00       20145.85           0.00           0.00       20187.33
       5493.0000      1982-01-15           0.00           0.00       20438.52           0.00           0.00       20479.95
       5494.0000      1982-01-16          91.41       0.561153       10322.87          93.57       0.560892       10279.32
       5660.0000      1982-07-01          99.09       0.558952        9339.97         106.08       0.557824        9375.73
       5844.0000      1983-01-01         102.47       0.570436        9015.62         114.27       0.568605        9004.52
       5845.0000      1983-01-02           0.00           0.00       19966.59           0.00           0.00       20016.45
       5858.0000      1983-01-15           0.00           0.00       20281.12           0.00           0.00       20320.64
       5859.0000      1983-01-16          91.17       0.597906        9759.25          92.99       0.597552        9724.42
       6025.0000      1983-07-01          97.61       0.588103        8822.18         109.86       0.583354        8833.43

      Well:      PRO-5

                                             Y1             Y2             Y3             Y1             Y2             Y3
                                     PUNQS3.irf     PUNQS3.irf     PUNQS3.irf     PUNQS3.irf     PUNQS3.irf     PUNQS3.irf
            TIME            DATE  Gas Oil Ratio   Water Cut SC           Well  Gas Oil Ratio   Water Cut SC           Well
                                             SC                   Bottom-hole             SC                   Bottom-hole
                                                                     Pressure                                     Pressure
           (day)                        (m3/m3)             ()          (kPa)        (m3/m3)             ()          (kPa)
    0.0099999998      1967-01-01           0.00           0.00        5951.38           0.00           0.00        5951.40
       1.0100000      1967-01-02          74.00   2.35352e-010        5912.24          74.00   2.23982e-010        5913.03
       31.000000      1967-02-01          73.95   5.05997e-007        5624.38          73.96   4.92414e-007        5627.42
       59.000000      1967-03-01          73.78   2.26739e-006        5411.23          73.78   2.20698e-006        5415.92
       90.000000      1967-04-01          73.61   5.36548e-006        5203.87          73.62   5.23467e-006        5209.44
       91.000000      1967-04-02          73.58   5.50829e-006         101.32          73.59   5.37349e-006         101.32
       120.00000      1967-05-01          73.27   1.09079e-005         101.32          73.32   9.42141e-006         101.32
       151.00000      1967-06-01          72.99   2.18780e-005         101.32          73.04   1.87499e-005         101.32
       181.00000      1967-07-01          72.79   3.46233e-005         101.32          72.78   3.39213e-005         101.32
       182.00000      1967-07-02          72.80   3.50484e-005        4209.48          72.79   3.43403e-005        4213.02
       212.00000      1967-08-01          72.82   4.51865e-005        4129.49          72.81   4.43132e-005        4133.87
       243.00000      1967-09-01          72.76   6.01950e-005        3990.62          72.76   5.90866e-005        3996.31
       273.00000      1967-10-01          72.69   7.46862e-005        3847.63          72.69   7.33691e-005        3854.57
       274.00000      1967-10-02          72.73   7.50164e-005       13450.73          72.72   7.36993e-005       13453.24
       304.00000      1967-11-01          72.90   8.14669e-005       13532.15          72.89   8.00773e-005       13534.84
       334.00000      1967-12-01          72.96   8.97557e-005       13535.63          72.96   8.83044e-005       13538.56
       365.00000      1968-01-01          72.98   9.75111e-005       13526.01          72.98   9.60073e-005       13529.20
       366.00000      1968-01-02           0.00           0.00       23118.57           0.00           0.00       23117.50
       731.00000      1969-01-01           0.00           0.00       23392.91           0.00           0.00       23392.92
       1096.0000      1970-01-01           0.00           0.00       23476.59           0.00           0.00       23477.18
       1461.0000      1971-01-01           0.00           0.00       23522.88           0.00           0.00       23523.44
       1462.0000      1971-01-02          74.24   8.47533e-005         101.32          74.15   8.69709e-005         101.32
       1642.0000      1971-07-01          72.90    0.000181776         101.32          72.94    0.000177116         101.32
       1826.0000      1972-01-01          71.95    0.000521483         101.32          71.94    0.000553341         101.32
       1827.0000      1972-01-02           0.00           0.00       22738.23           0.00           0.00       22735.37
       1840.0000      1972-01-15           0.00           0.00       22848.46           0.00           0.00       22845.33
       1841.0000      1972-01-16          72.08    0.000894993         101.32          72.07    0.000983161         101.32
       2008.0000      1972-07-01          71.33     0.00212570         101.32          71.33     0.00235361         101.32
       2192.0000      1973-01-01          70.77     0.00370881         101.32          70.77     0.00425162         101.32
       2193.0000      1973-01-02           0.00           0.00       22446.57           0.00           0.00       22446.16
       2206.0000      1973-01-15           0.00           0.00       22555.36           0.00           0.00       22554.40
       2207.0000      1973-01-16          71.13     0.00362875         101.32          71.13     0.00419291         101.32
       2373.0000      1973-07-01          70.53     0.00460208         101.32          70.53     0.00543462         101.32
       2557.0000      1974-01-01          70.11     0.00600896         101.32          70.13     0.00726049         101.32
       2558.0000      1974-01-02           0.00           0.00       22243.08           0.00           0.00       22247.75
       2571.0000      1974-01-15           0.00           0.00       22351.01           0.00           0.00       22354.28
       2572.0000      1974-01-16          70.47     0.00587393         101.32          70.49     0.00714783         101.32
       2738.0000      1974-07-01          69.95     0.00694822         101.32          69.97     0.00982991         101.32
       2922.0000      1975-01-01          69.56      0.0117727         101.32          69.59      0.0171763         101.32
       2923.0000      1975-01-02           0.00           0.00       22072.18           0.00           0.00       22081.16
       2936.0000      1975-01-15           0.00           0.00       22176.71           0.00           0.00       22184.90
       2937.0000      1975-01-16          69.91      0.0113016         101.32          69.94      0.0166815         101.32
       3103.0000      1975-07-01          69.40      0.0186175         101.32          69.44      0.0231503         101.32
       3287.0000      1976-01-01          69.07      0.0311195         101.32          69.11      0.0346466         101.32
       3288.0000      1976-01-02           0.00           0.00       21920.44           0.00           0.00       21934.22
       3301.0000      1976-01-15           0.00           0.00       22022.93           0.00           0.00       22036.41
       3302.0000      1976-01-16          69.41      0.0305101         101.32          69.46      0.0340181         101.32
       3469.0000      1976-07-01          68.97      0.0394735         101.32          69.02      0.0423986         101.32
       3653.0000      1977-01-01          68.75      0.0556915         101.32          68.80      0.0612734         101.32
       3654.0000      1977-01-02           0.00           0.00       21805.11           0.00           0.00       21821.38
       3667.0000      1977-01-15           0.00           0.00       21907.17           0.00           0.00       21923.73
       3668.0000      1977-01-16          69.04      0.0609868         101.32          69.09      0.0660290         101.32
       3834.0000      1977-07-01          68.65      0.0764582         101.32          68.71      0.0804699         101.32
       4018.0000      1978-01-01          68.42       0.100172         101.32          68.49       0.102739         101.32
       4019.0000      1978-01-02           0.00           0.00       21707.81           0.00           0.00       21727.92
       4032.0000      1978-01-15           0.00           0.00       21810.61           0.00           0.00       21831.11
       4033.0000      1978-01-16          68.72       0.103830         101.32          68.80       0.106099         101.32
       4199.0000      1978-07-01          68.30       0.119188         101.32          68.38       0.120701         101.32
       4383.0000      1979-01-01          68.02       0.138467         101.32          68.09       0.139147         101.32
       4384.0000      1979-01-02           0.00           0.00       21597.79           0.00           0.00       21621.97
       4397.0000      1979-01-15           0.00           0.00       21700.29           0.00           0.00       21724.54
       4398.0000      1979-01-16          68.35       0.136578         101.32          68.45       0.137268         101.32
       4564.0000      1979-07-01          67.90       0.155599         101.32          67.98       0.156459         101.32
       4748.0000      1980-01-01          67.59       0.175854         101.32          67.68       0.175986         101.32
       4749.0000      1980-01-02           0.00           0.00       21438.23           0.00           0.00       21465.90
       4762.0000      1980-01-15           0.00           0.00       21543.39           0.00           0.00       21571.09
       4763.0000      1980-01-16          67.85       0.177785         101.32          67.94       0.177766         101.32
       4930.0000      1980-07-01          67.29       0.190319         101.32          67.38       0.189758         101.32
       5114.0000      1981-01-01          66.95       0.200768         101.32          67.02       0.199790         101.32
       5115.0000      1981-01-02           0.00           0.00       21226.44           0.00           0.00       21248.99
       5128.0000      1981-01-15           0.00           0.00       21335.12           0.00           0.00       21358.25
       5129.0000      1981-01-16          67.20       0.201122         101.32          67.24       0.199886         101.32
       5295.0000      1981-07-01          66.69       0.207609         101.32          66.76       0.206263         101.32
       5479.0000      1982-01-01          66.24       0.215727         101.32          66.39       0.214001         101.32
       5480.0000      1982-01-02           0.00           0.00       21047.32           0.00           0.00       21067.71
       5493.0000      1982-01-15           0.00           0.00       21158.50           0.00           0.00       21180.40
       5494.0000      1982-01-16          66.64       0.212399         101.32          66.68       0.212309         101.32
       5660.0000      1982-07-01          66.11       0.217555         101.32          66.19       0.217430         101.32
       5844.0000      1983-01-01          65.78       0.222648         101.32          65.87       0.222649         101.32
       5845.0000      1983-01-02           0.00           0.00       20904.45           0.00           0.00       20931.21
       5858.0000      1983-01-15           0.00           0.00       21018.06           0.00           0.00       21045.51
       5859.0000      1983-01-16          66.18       0.219235         101.32          66.27       0.219417         101.32
       6025.0000      1983-07-01          65.69       0.223707         101.32          65.79       0.224121         101.32

      Well:     PRO-11

                                             Y1             Y2             Y3             Y1             Y2             Y3
                                     PUNQS3.irf     PUNQS3.irf     PUNQS3.irf     PUNQS3.irf     PUNQS3.irf     PUNQS3.irf
            TIME            DATE  Gas Oil Ratio   Water Cut SC           Well  Gas Oil Ratio   Water Cut SC           Well
                                             SC                   Bottom-hole             SC                   Bottom-hole
                                                                     Pressure                                     Pressure
           (day)                        (m3/m3)             ()          (kPa)        (m3/m3)             ()          (kPa)
    0.0099999998      1967-01-01           0.00           0.00       22045.31           0.00           0.00       22045.35
       1.0100000      1967-01-02          74.00   2.18805e-010       21997.89          74.00   2.16981e-010       21998.09
       31.000000      1967-02-01          73.79   4.45465e-009       21805.98          73.79   4.44871e-009       21806.14
       59.000000      1967-03-01          73.55   8.22363e-009       21734.38          73.55   8.21870e-009       21734.48
       90.000000      1967-04-01          73.37   1.17934e-008       21670.00          73.37   1.17910e-008       21670.04
       91.000000      1967-04-02          73.26   1.40708e-008       20059.12          73.27   1.40425e-008       20059.59
       120.00000      1967-05-01          72.67   3.19291e-008       19794.94          72.73   2.99566e-008       19786.39
       151.00000      1967-06-01          72.24   4.91370e-008       19651.35          72.30   4.63851e-008       19643.55
       181.00000      1967-07-01          71.95   6.33061e-008       19534.29          71.94   6.37888e-008       19531.08
       182.00000      1967-07-02          72.03   5.91873e-008       21195.23          72.02   5.97018e-008       21191.83
       212.00000      1967-08-01          72.28   4.73890e-008       21290.67          72.27   4.77142e-008       21288.46
       243.00000      1967-09-01          72.27   4.79254e-008       21280.88          72.26   4.81688e-008       21279.20
       273.00000      1967-10-01          72.22   5.04871e-008       21261.56          72.21   5.06876e-008       21260.27
       274.00000      1967-10-02          72.26   4.84637e-008       22087.04          72.26   4.86895e-008       22085.50
       304.00000      1967-11-01          72.46   4.01605e-008       22159.04          72.46   4.02980e-008       22158.16
       334.00000      1967-12-01          72.53   3.75737e-008       22174.91          72.52   3.76864e-008       22174.11
       365.00000      1968-01-01          72.55   3.67264e-008       22183.04          72.55   3.68232e-008       22182.37
       366.00000      1968-01-02           0.00           0.00       23001.93           0.00           0.00       23001.02
       731.00000      1969-01-01           0.00           0.00       23318.34           0.00           0.00       23318.24
       1096.0000      1970-01-01           0.00           0.00       23413.00           0.00           0.00       23413.96
       1461.0000      1971-01-01           0.00           0.00       23464.18           0.00           0.00       23464.99
       1462.0000      1971-01-02          73.92   3.19676e-009       21085.34          73.92   3.21462e-009       21085.49
       1642.0000      1971-07-01          72.27   5.37760e-008       20271.45          72.31   5.13954e-008       20263.40
       1826.0000      1972-01-01          71.04   1.43566e-007       19878.51          71.03   1.47266e-007       19876.91
       1827.0000      1972-01-02           0.00           0.00       22460.76           0.00           0.00       22457.22
       1840.0000      1972-01-15           0.00           0.00       22634.34           0.00           0.00       22635.00
       1841.0000      1972-01-16          71.30   1.38255e-007       20096.50          71.31   1.42272e-007       20099.09
       2008.0000      1972-07-01          70.23   3.66446e-007       19640.80          70.22   3.94479e-007       19636.58
       2192.0000      1973-01-01          69.49   9.05650e-007       19391.81          69.48   1.04136e-006       19388.05
       2193.0000      1973-01-02           0.00           0.00       22079.67           0.00           0.00       22074.70
       2206.0000      1973-01-15           0.00           0.00       22272.13           0.00           0.00       22265.14
       2207.0000      1973-01-16          70.14   7.87253e-007       19638.31          70.13   9.19103e-007       19632.35
       2373.0000      1973-07-01          69.18   1.53853e-006       19222.62          69.17   2.08285e-006       19217.43
       2557.0000      1974-01-01          68.62   3.43020e-006       19018.91          68.62   5.47458e-006       19010.79
       2558.0000      1974-01-02           0.00           0.00       21810.58           0.00           0.00       21802.03
       2571.0000      1974-01-15           0.00           0.00       22013.21           0.00           0.00       22006.16
       2572.0000      1974-01-16          69.31   3.17682e-006       19287.76          69.30   5.19690e-006       19274.97
       2738.0000      1974-07-01          68.40   5.72913e-006       18870.02          68.40   9.76882e-006       18859.98
       2922.0000      1975-01-01          67.81   9.55692e-005       18534.22          67.83   6.22674e-005       18553.89
       2923.0000      1975-01-02           0.00           0.00       21553.04           0.00           0.00       21555.82
       2936.0000      1975-01-15           0.00           0.00       21762.14           0.00           0.00       21761.09
       2937.0000      1975-01-16          68.51   9.19750e-005       18810.41          68.52   5.97886e-005       18824.99
       3103.0000      1975-07-01          67.59     0.00165026       18202.23          67.62    0.000505366       18243.53
       3287.0000      1976-01-01          67.09      0.0175704       17709.00          67.14     0.00854441       17760.47
       3288.0000      1976-01-02           0.00           0.00       21332.32           0.00           0.00       21343.01
       3301.0000      1976-01-15           0.00           0.00       21541.81           0.00           0.00       21548.20
       3302.0000      1976-01-16          67.79      0.0168035       18006.11          67.83     0.00801277       18047.68
       3469.0000      1976-07-01          66.92      0.0600116       17298.76          67.00      0.0365609       17339.35
       3653.0000      1977-01-01          66.52       0.150472       16733.29          66.63       0.110205       16762.08
       3654.0000      1977-01-02           0.00           0.00       21129.83           0.00           0.00       21162.96
       3667.0000      1977-01-15           0.00           0.00       21348.45           0.00           0.00       21380.67
       3668.0000      1977-01-16          67.16       0.174600       17070.27          67.28       0.136312       17090.66
       3834.0000      1977-07-01          66.27       0.245378       16167.64          66.40       0.201017       16158.02
       4018.0000      1978-01-01          66.17       0.329022       14747.68          66.03       0.281511       14753.32
       4019.0000      1978-01-02           0.00           0.00       20898.03           0.00           0.00       20943.40
       4032.0000      1978-01-15           0.00           0.00       21161.31           0.00           0.00       21194.65
       4033.0000      1978-01-16          67.12       0.341321       15229.85          66.71       0.296446       15201.96
       4199.0000      1978-07-01          68.30       0.396847       12729.99          67.66       0.361150       12678.32
       4383.0000      1979-01-01          91.28       0.449928        9560.30          83.58       0.430596        8912.92
       4384.0000      1979-01-02           0.00           0.00       20631.97           0.00           0.00       20684.29
       4397.0000      1979-01-15           0.00           0.00       20935.05           0.00           0.00       20977.94
       4398.0000      1979-01-16          86.27       0.443543       10515.41          78.41       0.423744        9887.76
       4564.0000      1979-07-01         114.93       0.478323        6749.77         111.48       0.464408        5453.20
       4748.0000      1980-01-01         140.52       0.509662        3724.69         141.34       0.503042        1900.89
       4749.0000      1980-01-02           0.00           0.00       20262.75           0.00           0.00       20295.42
       4762.0000      1980-01-15           0.00           0.00       20625.13           0.00           0.00       20657.85
       4763.0000      1980-01-16         130.45       0.504887        5691.72         128.05       0.490527        4244.80
       4930.0000      1980-07-01         152.18       0.529685        2219.92         153.83       0.525481         292.16
       5114.0000      1981-01-01         161.81       0.551654         244.31         162.27       0.548059         101.32
       5115.0000      1981-01-02           0.00           0.00       19910.65           0.00           0.00       19994.08
       5128.0000      1981-01-15           0.00           0.00       20310.61           0.00           0.00       20368.87
       5129.0000      1981-01-16         142.72       0.547916        2795.06         137.33       0.531342        1535.26
       5295.0000      1981-07-01         161.04       0.565988         101.32         156.60       0.559932         101.32
       5479.0000      1982-01-01         162.95       0.589165         101.32         159.60       0.583389         101.32
       5480.0000      1982-01-02           0.00           0.00       19732.73           0.00           0.00       19835.82
       5493.0000      1982-01-15           0.00           0.00       20121.44           0.00           0.00       20198.71
       5494.0000      1982-01-16         141.31       0.579942         976.45         136.04       0.573564         101.32
       5660.0000      1982-07-01         160.69       0.600166         101.32         155.49       0.597796         101.32
       5844.0000      1983-01-01         162.79       0.620288         101.32         159.84       0.621675         101.32
       5845.0000      1983-01-02           0.00           0.00       19588.62           0.00           0.00       19691.03
       5858.0000      1983-01-15           0.00           0.00       19969.39           0.00           0.00       20049.40
       5859.0000      1983-01-16         140.99       0.612623         101.32         134.72       0.609827         101.32
       6025.0000      1983-07-01         160.54       0.632107         101.32         156.35       0.632407         101.32

      Well:     PRO-12

                                             Y1             Y2             Y3             Y1             Y2             Y3
                                     PUNQS3.irf     PUNQS3.irf     PUNQS3.irf     PUNQS3.irf     PUNQS3.irf     PUNQS3.irf
            TIME            DATE  Gas Oil Ratio   Water Cut SC           Well  Gas Oil Ratio   Water Cut SC           Well
                                             SC                   Bottom-hole             SC                   Bottom-hole
                                                                     Pressure                                     Pressure
           (day)                        (m3/m3)             ()          (kPa)        (m3/m3)             ()          (kPa)
    0.0099999998      1967-01-01           0.00           0.00       21574.12           0.00           0.00       21574.11
       1.0100000      1967-01-02          74.00   1.32545e-010       21537.12          74.00   1.32985e-010       21537.06
       31.000000      1967-02-01          73.97   4.44936e-009       21340.15          73.97   4.44577e-009       21340.25
       59.000000      1967-03-01          73.80   8.13926e-009       21269.87          73.80   8.13032e-009       21270.06
       90.000000      1967-04-01          73.64   1.12195e-008       21211.02          73.64   1.12087e-008       21211.21
       91.000000      1967-04-02          73.56   1.29130e-008       19080.17          73.56   1.29079e-008       19080.27
       120.00000      1967-05-01          73.02   2.79745e-008       18826.67          73.07   2.65588e-008       18816.13
       151.00000      1967-06-01          72.68   4.05182e-008       18707.37          72.72   3.87593e-008       18699.87
       181.00000      1967-07-01          72.46   4.99904e-008       18613.10          72.45   5.04369e-008       18609.17
       182.00000      1967-07-02          72.52   4.71208e-008       20801.01          72.52   4.75289e-008       20797.73
       212.00000      1967-08-01          72.78   3.66154e-008       20902.07          72.77   3.69292e-008       20899.24
       243.00000      1967-09-01          72.77   3.69092e-008       20891.77          72.77   3.71746e-008       20889.38
       273.00000      1967-10-01          72.71   3.91952e-008       20870.28          72.71   3.94332e-008       20868.23
       274.00000      1967-10-02          72.75   3.78140e-008       21957.35          72.74   3.80422e-008       21955.46
       304.00000      1967-11-01          72.95   3.04113e-008       22032.50          72.94   3.05968e-008       22030.81
       334.00000      1967-12-01          73.02   2.81429e-008       22047.73          73.01   2.83006e-008       22046.22
       365.00000      1968-01-01          73.03   2.75353e-008       22053.91          73.03   2.76753e-008       22052.56
       366.00000      1968-01-02           0.00           0.00       23132.09           0.00           0.00       23130.84
       731.00000      1969-01-01           0.00           0.00       23408.33           0.00           0.00       23408.30
       1096.0000      1970-01-01           0.00           0.00       23490.97           0.00           0.00       23491.58
       1461.0000      1971-01-01           0.00           0.00       23537.25           0.00           0.00       23537.78
       1462.0000      1971-01-02          74.28   2.46956e-009       20377.15          74.22   2.46257e-009       20376.76
       1642.0000      1971-07-01          72.76   4.04821e-008       19640.42          72.80   3.85212e-008       19635.16
       1826.0000      1972-01-01          71.77   9.82563e-008       19307.46          71.76   9.53736e-008       19306.20
       1827.0000      1972-01-02           0.00           0.00       22681.80           0.00           0.00       22678.97
       1840.0000      1972-01-15           0.00           0.00       22848.49           0.00           0.00       22845.50
       1841.0000      1972-01-16          72.08   8.50266e-008       19529.51          72.07   8.00316e-008       19527.99
       2008.0000      1972-07-01          71.13   2.13679e-007       19104.81          71.12   1.99534e-007       19104.41
       2192.0000      1973-01-01          70.54   7.10726e-007       18894.70          70.53   6.00292e-007       18896.70
       2193.0000      1973-01-02           0.00           0.00       22375.70           0.00           0.00       22374.30
       2206.0000      1973-01-15           0.00           0.00       22547.20           0.00           0.00       22545.82
       2207.0000      1973-01-16          71.11   6.24843e-007       19125.45          71.11   5.19367e-007       19127.41
       2373.0000      1973-07-01          70.29   1.81824e-006       18746.46          70.29   1.34437e-006       18752.95
       2557.0000      1974-01-01          69.85   7.54318e-006       18568.51          69.86   5.27872e-006       18582.49
       2558.0000      1974-01-02           0.00           0.00       22163.39           0.00           0.00       22164.64
       2571.0000      1974-01-15           0.00           0.00       22338.22           0.00           0.00       22339.63
       2572.0000      1974-01-16          70.44   7.33966e-006       18805.65          70.45   5.09349e-006       18819.82
       2738.0000      1974-07-01          69.70   1.91191e-005       18431.70          69.70   1.25294e-005       18456.92
       2922.0000      1975-01-01          69.29   6.13556e-005       18213.57          69.30   4.07665e-005       18255.40
       2923.0000      1975-01-02           0.00           0.00       21987.68           0.00           0.00       21992.43
       2936.0000      1975-01-15           0.00           0.00       22164.19           0.00           0.00       22169.58
       2937.0000      1975-01-16          69.88   6.09170e-005       18455.39          69.89   4.03817e-005       18497.88
       3103.0000      1975-07-01          69.14    0.000120260       18034.49          69.16   8.00245e-005       18096.63
       3287.0000      1976-01-01          68.78    0.000274502       17784.77          68.81    0.000187231       17869.82
       3288.0000      1976-01-02           0.00           0.00       21831.64           0.00           0.00       21841.00
       3301.0000      1976-01-15           0.00           0.00       22012.35           0.00           0.00       22022.49
       3302.0000      1976-01-16          69.40    0.000272568       18037.83          69.43    0.000185824       18123.21
       3469.0000      1976-07-01          68.68    0.000450731       17574.66          68.72    0.000315344       17683.23
       3653.0000      1977-01-01          68.44     0.00112889       17279.18          68.48    0.000548798       17405.17
       3654.0000      1977-01-02           0.00           0.00       21708.24           0.00           0.00       21722.19
       3667.0000      1977-01-15           0.00           0.00       21895.56           0.00           0.00       21910.12
       3668.0000      1977-01-16          69.00     0.00164161       17547.25          69.05    0.000628470       17671.94
       3834.0000      1977-07-01          68.35     0.00379249       17022.78          68.40     0.00201908       17159.86
       4018.0000      1978-01-01          68.10     0.00875910       16608.29          68.16     0.00661339       16767.92
       4019.0000      1978-01-02           0.00           0.00       21609.49           0.00           0.00       21628.68
       4032.0000      1978-01-15           0.00           0.00       21801.18           0.00           0.00       21821.13
       4033.0000      1978-01-16          68.69      0.0101847       16886.15          68.77     0.00800266       17044.58
       4199.0000      1978-07-01          68.00      0.0226109       16156.24          68.07      0.0151007       16304.37
       4383.0000      1979-01-01          67.67      0.0611911       15513.50          67.75      0.0534685       15661.44
       4384.0000      1979-01-02           0.00           0.00       21494.90           0.00           0.00       21520.72
       4397.0000      1979-01-15           0.00           0.00       21693.53           0.00           0.00       21717.85
       4398.0000      1979-01-16          68.33      0.0615879       15808.80          68.41      0.0540285       15951.90
       4564.0000      1979-07-01          67.54       0.108862       14899.97          67.63      0.0975585       15012.68
       4748.0000      1980-01-01          67.17       0.177492       14184.69          67.26       0.170265       14270.81
       4749.0000      1980-01-02           0.00           0.00       21314.63           0.00           0.00       21344.45
       4762.0000      1980-01-15           0.00           0.00       21531.45           0.00           0.00       21559.51
       4763.0000      1980-01-16          67.79       0.196951       14521.69          67.87       0.191345       14602.93
       4930.0000      1980-07-01          66.83       0.245024       13569.73          66.91       0.242532       13619.54
       5114.0000      1981-01-01          66.40       0.304355       12996.47          66.47       0.307786       13018.05
       5115.0000      1981-01-02           0.00           0.00       21068.53           0.00           0.00       21090.67
       5128.0000      1981-01-15           0.00           0.00       21308.74           0.00           0.00       21333.15
       5129.0000      1981-01-16          67.07       0.329486       13391.15          67.15       0.333241       13415.88
       5295.0000      1981-07-01          66.10       0.353035       12596.70          66.17       0.358709       12606.46
       5479.0000      1982-01-01          65.59       0.388187       12185.82          65.73       0.391044       12173.42
       5480.0000      1982-01-02           0.00           0.00       20868.15           0.00           0.00       20885.49
       5493.0000      1982-01-15           0.00           0.00       21124.70           0.00           0.00       21146.04
       5494.0000      1982-01-16          66.43       0.392885       12618.78          66.53       0.401142       12614.69
       5660.0000      1982-07-01          65.46       0.404932       11873.33          65.53       0.413373       11868.10
       5844.0000      1983-01-01          65.08       0.422883       11498.13          65.16       0.430039       11495.13
       5845.0000      1983-01-02           0.00           0.00       20712.20           0.00           0.00       20735.64
       5858.0000      1983-01-15           0.00           0.00       20980.28           0.00           0.00       21005.39
       5859.0000      1983-01-16          65.97       0.428095       11958.02          66.05       0.435261       11956.41
       6025.0000      1983-07-01          65.00       0.435646       11206.37          65.08       0.442100       11211.43

      Well:     PRO-15

                                             Y1             Y2             Y3             Y1             Y2             Y3
                                     PUNQS3.irf     PUNQS3.irf     PUNQS3.irf     PUNQS3.irf     PUNQS3.irf     PUNQS3.irf
            TIME            DATE  Gas Oil Ratio   Water Cut SC           Well  Gas Oil Ratio   Water Cut SC           Well
                                             SC                   Bottom-hole             SC                   Bottom-hole
                                                                     Pressure                                     Pressure
           (day)                        (m3/m3)             ()          (kPa)        (m3/m3)             ()          (kPa)
    0.0099999998      1967-01-01           0.00           0.00       21279.28           0.00           0.00       21279.29
       1.0100000      1967-01-02          74.00   2.33810e-010       21247.85          74.00   2.25249e-010       21248.12
       31.000000      1967-02-01          74.00   6.37531e-007       21089.91          74.00   6.32566e-007       21090.22
       59.000000      1967-03-01          73.92   2.68706e-006       20998.69          73.92   2.66778e-006       20999.01
       90.000000      1967-04-01          73.71   6.18702e-006       20904.79          73.71   6.14367e-006       20905.10
       91.000000      1967-04-02          73.64   6.44305e-006       18421.20          73.64   6.39649e-006       18422.08
       120.00000      1967-05-01          73.19   1.80720e-005       18114.93          73.25   1.52206e-005       18111.47
       151.00000      1967-06-01          72.76   4.39001e-005       17857.37          72.84   3.71075e-005       17852.61
       181.00000      1967-07-01          72.44   7.65641e-005       17619.14          72.43   7.60079e-005       17617.27
       182.00000      1967-07-02          72.49   7.72834e-005       20307.96          72.48   7.67262e-005       20305.12
       212.00000      1967-08-01          72.55   9.18929e-005       20308.85          72.54   9.11995e-005       20307.09
       243.00000      1967-09-01          72.49    0.000114663       20261.98          72.48    0.000113750       20261.01
       273.00000      1967-10-01          72.42    0.000137099       20213.43          72.42    0.000135957       20213.12
       274.00000      1967-10-02          72.46    0.000137491       21593.59          72.44    0.000136347       21592.42
       304.00000      1967-11-01          72.55    0.000145672       21627.62          72.55    0.000144412       21626.86
       334.00000      1967-12-01          72.60    0.000157277       21635.75          72.60    0.000155836       21635.37
       365.00000      1968-01-01          72.63    0.000168427       21640.48          72.63    0.000166796       21640.45
       366.00000      1968-01-02           0.00           0.00       23029.11           0.00           0.00       23027.97
       731.00000      1969-01-01           0.00           0.00       23350.76           0.00           0.00       23350.49
       1096.0000      1970-01-01           0.00           0.00       23467.76           0.00           0.00       23468.76
       1461.0000      1971-01-01           0.00           0.00       23525.44           0.00           0.00       23526.30
       1462.0000      1971-01-02          74.22    0.000140954       19527.30          74.13    0.000137234       19532.81
       1642.0000      1971-07-01          72.76    0.000329756       18401.72          72.81    0.000305933       18406.77
       1826.0000      1972-01-01          71.44    0.000806474       17512.24          71.43    0.000786719       17527.60
       1827.0000      1972-01-02           0.00           0.00       22575.25           0.00           0.00       22571.38
       1840.0000      1972-01-15           0.00           0.00       22665.04           0.00           0.00       22663.96
       1841.0000      1972-01-16          71.40    0.000997590       17641.41          71.39    0.000977209       17657.26
       2008.0000      1972-07-01          70.58     0.00299366       16842.36          70.57     0.00277459       16865.80
       2192.0000      1973-01-01          69.84     0.00851081       16160.64          69.84     0.00790029       16213.84
       2193.0000      1973-01-02           0.00           0.00       22179.93           0.00           0.00       22179.82
       2206.0000      1973-01-15           0.00           0.00       22281.75           0.00           0.00       22280.70
       2207.0000      1973-01-16          70.17     0.00820103       16331.60          70.17     0.00756201       16385.94
       2373.0000      1973-07-01          69.49      0.0174036       15126.21          69.50      0.0156393       15292.19
       2557.0000      1974-01-01          68.91      0.0865258       12612.97          68.94      0.0789749       12805.59
       2558.0000      1974-01-02           0.00           0.00       21895.52           0.00           0.00       21901.75
       2571.0000      1974-01-15           0.00           0.00       22004.94           0.00           0.00       22009.91
       2572.0000      1974-01-16          69.27      0.0821398       12893.03          69.29      0.0746918       13079.14
       2738.0000      1974-07-01          68.61       0.173374        9782.71          68.64       0.166022       10021.75
       2922.0000      1975-01-01          67.96       0.279220        7617.27          68.04       0.264637        7902.68
       2923.0000      1975-01-02           0.00           0.00       21604.46           0.00           0.00       21626.18
       2936.0000      1975-01-15           0.00           0.00       21729.89           0.00           0.00       21745.88
       2937.0000      1975-01-16          68.37       0.267979        8031.93          68.43       0.253673        8294.82
       3103.0000      1975-07-01          67.69       0.308206        6822.67          67.78       0.295773        7101.25
       3287.0000      1976-01-01          67.17       0.325451        6331.85          67.27       0.316238        6576.29
       3288.0000      1976-01-02           0.00           0.00       21362.19           0.00           0.00       21392.10
       3301.0000      1976-01-15           0.00           0.00       21491.74           0.00           0.00       21515.13
       3302.0000      1976-01-16          67.61       0.315105        6775.07          67.69       0.306772        6986.03
       3469.0000      1976-07-01          67.01       0.319822        6271.54          67.11       0.314459        6439.57
       3653.0000      1977-01-01          66.69       0.315442        6185.70          66.80       0.312567        6317.10
       3654.0000      1977-01-02           0.00           0.00       21183.95           0.00           0.00       21215.75
       3667.0000      1977-01-15           0.00           0.00       21318.05           0.00           0.00       21346.10
       3668.0000      1977-01-16          67.07       0.304323        6606.31          67.15       0.303009        6708.05
       3834.0000      1977-07-01          66.54       0.305957        6184.32          66.66       0.305342        6280.42
       4018.0000      1978-01-01          66.17       0.305673        6041.35          66.30       0.308278        6075.66
       4019.0000      1978-01-02           0.00           0.00       21018.33           0.00           0.00       21054.63
       4032.0000      1978-01-15           0.00           0.00       21151.89           0.00           0.00       21187.13
       4033.0000      1978-01-16          66.53       0.295930        6420.94          66.65       0.301259        6425.89
       4199.0000      1978-07-01          66.00       0.290788        6157.92          66.13       0.296317        6171.98
       4383.0000      1979-01-01          65.57       0.279754        6079.73          65.71       0.285881        6095.66
       4384.0000      1979-01-02           0.00           0.00       20848.27           0.00           0.00       20892.84
       4397.0000      1979-01-15           0.00           0.00       20969.46           0.00           0.00       21010.57
       4398.0000      1979-01-16          65.92       0.275226        6375.05          66.07       0.283154        6357.43
       4564.0000      1979-07-01          65.36       0.273223        6006.21          65.51       0.277029        6076.11
       4748.0000      1980-01-01          64.86       0.279703        5446.88          65.01       0.284824        4804.37
       4749.0000      1980-01-02           0.00           0.00       20594.19           0.00           0.00       20613.67
       4762.0000      1980-01-15           0.00           0.00       20695.02           0.00           0.00       20738.91
       4763.0000      1980-01-16          65.09       0.281330        5745.62          65.23       0.309725        4870.45
       4930.0000      1980-07-01          66.41       0.324561       -3298.93          68.92       0.345612       -6364.35
       5114.0000      1981-01-01          72.09       0.353022         101.32          74.97       0.363491         101.32
       5115.0000      1981-01-02           0.00           0.00       20329.11           0.00           0.00       20383.48
       5128.0000      1981-01-15           0.00           0.00       20427.41           0.00           0.00       20477.44
       5129.0000      1981-01-16          74.04       0.348491         101.32          76.34       0.356546         101.32
       5295.0000      1981-07-01          83.38       0.362407         101.32          93.03       0.371348         101.32
       5479.0000      1982-01-01         113.83       0.375328         101.32         120.83       0.387271         101.32
       5480.0000      1982-01-02           0.00           0.00       20140.21           0.00           0.00       20202.49
       5493.0000      1982-01-15           0.00           0.00       20223.73           0.00           0.00       20284.13
       5494.0000      1982-01-16          97.32       0.363141         101.32         106.58       0.378612         101.32
       5660.0000      1982-07-01         115.29       0.375868         101.32         123.25       0.392333         101.32
       5844.0000      1983-01-01         124.00       0.385460         101.32         130.15       0.401534         101.32
       5845.0000      1983-01-02           0.00           0.00       19971.87           0.00           0.00       20042.21
       5858.0000      1983-01-15           0.00           0.00       20053.53           0.00           0.00       20123.66
       5859.0000      1983-01-16         105.16       0.373603         101.32         110.09       0.390053         101.32
       6025.0000      1983-07-01         117.30       0.384687         101.32         122.39       0.400287         101.32

      Well:      PRO-1

                                             Y1             Y2             Y3             Y1             Y2             Y3
                                     PUNQS3.irf     PUNQS3.irf     PUNQS3.irf     PUNQS3.irf     PUNQS3.irf     PUNQS3.irf
            TIME            DATE  Gas Oil Ratio   Water Cut SC           Well  Gas Oil Ratio   Water Cut SC           Well
                                             SC                   Bottom-hole             SC                   Bottom-hole
                                                                     Pressure                                     Pressure
           (day)                        (m3/m3)             ()          (kPa)        (m3/m3)             ()          (kPa)
    0.0099999998      1967-01-01           0.00           0.00       22590.01           0.00           0.00       22590.02
       1.0100000      1967-01-02          74.00   1.03217e-010       22557.56          74.00   1.02763e-010       22557.63
       31.000000      1967-02-01          73.76   3.15638e-009       22388.83          73.76   3.15186e-009       22388.97
       59.000000      1967-03-01          73.51   6.50604e-009       22317.95          73.51   6.49676e-009       22318.15
       90.000000      1967-04-01          73.32   9.76204e-009       22255.67          73.32   9.75005e-009       22255.88
       91.000000      1967-04-02          73.25   1.11951e-008       21269.40          73.25   1.11789e-008       21269.68
       120.00000      1967-05-01          72.70   2.59609e-008       21044.40          72.76   2.41393e-008       21036.47
       151.00000      1967-06-01          72.27   4.16060e-008       20912.90          72.33   3.90393e-008       20906.24
       181.00000      1967-07-01          71.98   5.45071e-008       20807.21          71.97   5.49602e-008       20803.97
       182.00000      1967-07-02          72.03   5.20417e-008       21820.22          72.02   5.24876e-008       21817.08
       212.00000      1967-08-01          72.23   4.33413e-008       21891.56          72.22   4.36413e-008       21889.37
       243.00000      1967-09-01          72.22   4.38783e-008       21882.10          72.21   4.41084e-008       21880.37
       273.00000      1967-10-01          72.16   4.62418e-008       21863.62          72.16   4.64279e-008       21862.27
       274.00000      1967-10-02          72.19   4.49689e-008       22368.49          72.18   4.51598e-008       22367.09
       304.00000      1967-11-01          72.35   3.83212e-008       22426.43          72.35   3.84493e-008       22425.48
       334.00000      1967-12-01          72.42   3.58236e-008       22441.55          72.41   3.59321e-008       22440.66
       365.00000      1968-01-01          72.44   3.48836e-008       22449.62          72.44   3.49746e-008       22448.88
       366.00000      1968-01-02           0.00           0.00       22951.38           0.00           0.00       22950.54
       731.00000      1969-01-01           0.00           0.00       23258.15           0.00           0.00       23259.30
       1096.0000      1970-01-01           0.00           0.00       23354.69           0.00           0.00       23356.28
       1461.0000      1971-01-01           0.00           0.00       23406.38           0.00           0.00       23407.68
       1462.0000      1971-01-02          73.82   2.48974e-009       21949.36          73.83   2.46490e-009       21950.48
       1642.0000      1971-07-01          72.29   4.37515e-008       21233.14          72.34   4.14725e-008       21227.59
       1826.0000      1972-01-01          71.07   1.08236e-007       20875.83          71.07   1.08706e-007       20874.08
       1827.0000      1972-01-02           0.00           0.00       22449.41           0.00           0.00       22447.26
       1840.0000      1972-01-15           0.00           0.00       22584.26           0.00           0.00       22581.30
       1841.0000      1972-01-16          71.23   9.74815e-008       21038.18          71.22   9.80683e-008       21035.40
       2008.0000      1972-07-01          70.28   1.74272e-007       20660.45          70.27   1.74459e-007       20660.24
       2192.0000      1973-01-01          69.57   2.58953e-007       20449.12          69.57   2.58887e-007       20449.99
       2193.0000      1973-01-02           0.00           0.00       22081.38           0.00           0.00       22081.24
       2206.0000      1973-01-15           0.00           0.00       22218.20           0.00           0.00       22218.26
       2207.0000      1973-01-16          70.06   2.07722e-007       20622.59          70.06   2.07697e-007       20623.45
       2373.0000      1973-07-01          69.27   3.15264e-007       20309.40          69.27   3.15152e-007       20311.16
       2557.0000      1974-01-01          68.71   4.55424e-007       20142.63          68.73   4.56056e-007       20147.88
       2558.0000      1974-01-02           0.00           0.00       21810.84           0.00           0.00       21809.45
       2571.0000      1974-01-15           0.00           0.00       21951.41           0.00           0.00       21952.54
       2572.0000      1974-01-16          69.18   3.90534e-007       20307.31          69.19   3.91751e-007       20311.46
       2738.0000      1974-07-01          68.49   6.04589e-007       20029.76          68.50   6.06915e-007       20037.13
       2922.0000      1975-01-01          67.91   1.06530e-006       19849.01          67.95   1.06792e-006       19862.46
       2923.0000      1975-01-02           0.00           0.00       21556.18           0.00           0.00       21567.20
       2936.0000      1975-01-15           0.00           0.00       21692.54           0.00           0.00       21702.18
       2937.0000      1975-01-16          68.37   9.74783e-007       20014.76          68.40   9.78111e-007       20027.28
       3103.0000      1975-07-01          67.68   1.57273e-006       19732.55          67.72   1.57393e-006       19748.71
       3287.0000      1976-01-01          67.16   3.21308e-006       19568.38          67.21   3.18891e-006       19589.13
       3288.0000      1976-01-02           0.00           0.00       21332.26           0.00           0.00       21349.43
       3301.0000      1976-01-15           0.00           0.00       21467.40           0.00           0.00       21484.43
       3302.0000      1976-01-16          67.65   3.07728e-006       19747.05          67.71   3.04797e-006       19770.47
       3469.0000      1976-07-01          67.02   5.47047e-006       19418.50          67.09   5.40155e-006       19431.27
       3653.0000      1977-01-01          66.69   9.91144e-006       19139.05          66.80   9.69406e-006       19155.28
       3654.0000      1977-01-02           0.00           0.00       21142.20           0.00           0.00       21169.11
       3667.0000      1977-01-15           0.00           0.00       21294.23           0.00           0.00       21321.47
       3668.0000      1977-01-16          67.12   1.12779e-005       19332.85          67.23   1.10017e-005       19347.94
       3834.0000      1977-07-01          66.80   1.69024e-005       18946.40          66.94   1.63994e-005       18967.80
       4018.0000      1978-01-01          66.98   3.08689e-005       18644.51          67.15   2.96371e-005       18674.46
       4019.0000      1978-01-02           0.00           0.00       20981.09           0.00           0.00       21017.37
       4032.0000      1978-01-15           0.00           0.00       21132.90           0.00           0.00       21168.84
       4033.0000      1978-01-16          67.44   3.48699e-005       18844.00          67.60   3.32638e-005       18875.49
       4199.0000      1978-07-01          69.22   5.43524e-005       18430.34          69.70   5.13437e-005       18471.97
       4383.0000      1979-01-01          74.91   9.48996e-005       18087.96          75.37   8.90825e-005       18138.68
       4384.0000      1979-01-02           0.00           0.00       20786.52           0.00           0.00       20830.09
       4397.0000      1979-01-15           0.00           0.00       20933.02           0.00           0.00       20975.83
       4398.0000      1979-01-16          73.55   9.28951e-005       18315.87          73.96   8.71360e-005       18367.08
       4564.0000      1979-07-01          78.11    0.000134271       17825.38          78.47    0.000125261       17884.17
       4748.0000      1980-01-01          88.18    0.000194969       17417.28          88.94    0.000180293       17482.72
       4749.0000      1980-01-02           0.00           0.00       20490.75           0.00           0.00       20533.70
       4762.0000      1980-01-15           0.00           0.00       20645.07           0.00           0.00       20687.14
       4763.0000      1980-01-16          81.76    0.000210012       17666.19          82.21    0.000193609       17730.86
       4930.0000      1980-07-01          96.40    0.000288790       17170.21          96.46    0.000264860       17235.13
       5114.0000      1981-01-01         104.09    0.000387467       16814.29         103.72    0.000355538       16905.38
       5115.0000      1981-01-02           0.00           0.00       20162.78           0.00           0.00       20214.80
       5128.0000      1981-01-15           0.00           0.00       20326.68           0.00           0.00       20378.96
       5129.0000      1981-01-16          92.48    0.000422719       17094.69          91.92    0.000385822       17185.00
       5295.0000      1981-07-01         101.71    0.000530185       16646.26         101.07    0.000484671       16759.34
       5479.0000      1982-01-01         106.24    0.000806431       16368.07         105.87    0.000686322       16485.46
       5480.0000      1982-01-02           0.00           0.00       19951.37           0.00           0.00       20019.43
       5493.0000      1982-01-15           0.00           0.00       20117.33           0.00           0.00       20186.05
       5494.0000      1982-01-16          91.60    0.000786074       16662.99          91.84    0.000722668       16778.67
       5660.0000      1982-07-01         101.23     0.00101500       16218.20         100.76    0.000934113       16357.95
       5844.0000      1983-01-01         104.93     0.00164037       15923.41         106.16     0.00134230       16042.91
       5845.0000      1983-01-02           0.00           0.00       19781.48           0.00           0.00       19852.16
       5858.0000      1983-01-15           0.00           0.00       19947.47           0.00           0.00       20019.20
       5859.0000      1983-01-16          89.31     0.00168569       16232.60          90.40     0.00130754       16352.01
       6025.0000      1983-07-01          99.72     0.00399776       15767.90          99.53     0.00340977       15903.84

