   394.0549    
   422.3441    
   417.1677    
   412.1642    
   413.6124    
   436.1382    
   411.3829    
   389.6425    
   423.0086    
   423.3012    
   432.9832    
   344.4287    
   436.1286    
   355.1100    
   402.2095    
   327.8281    
   360.1510    
   341.8348    
   419.3491    
   432.8981    
   401.0004    
   371.3971    
   342.5682    
   370.4738    
   333.9843    
   358.8370    
   428.2790    
   396.8525    
   415.2148    
   390.9404    
   374.0903    
   354.9379    
   348.6642    
   356.4748    
   349.4930    
   413.9933    
   356.6051    
   349.8354    
   429.1303    
   385.4547    
   421.3347    
   344.6498    
   394.7014    
   390.4026    
   358.1343    
   409.4922    
   368.1004    
   334.3938    
   372.5120    
   424.8575    
   425.3892    
   387.0022    
   366.9804    
   342.2441    
   348.1047    
   384.3694    
   426.0191    
   407.0967    
   437.1006    
   352.1137    
   397.5203    
   420.4077    
   382.0236    
   413.8499    
   421.1202    
   351.9789    
   349.8233    
   432.2671    
   437.3640    
   339.2917    
   360.1980    
   423.6170    
   412.4552    
   418.9374    
   376.6229    
   357.8107    
   353.3896    
   337.5565    
   419.0643    
   384.9753    
   344.7737    
   367.4871    
   351.4272    
   331.9702    
   376.0270    
   351.5237    
   384.5880    
   434.9116    
   421.5696    
   330.6337    
   328.9607    
   416.4581    
   427.0428    
   441.6353    
   372.1984    
   377.3541    
   432.8655    
   431.7830    
   375.1288    
   379.6833    
   372.5242    
   409.3633    
   345.8733    
   340.9319    
   355.1472    
   401.6501    
   357.4023    
   354.5103    
   391.5139    
   339.3185    
   371.1228    
   395.8847    
   373.0476    
   351.6692    
   429.1019    
   339.5185    
   419.4439    
   331.8109    
   405.3740    
   402.2717    
   438.4317    
   390.9030    
   357.1823    
   394.1616    
   401.1204    
   351.0577    
   435.3053    
   436.4310    
   407.7304    
   358.6013    
   353.4668    
   371.3272    
   428.0580    
   420.3442    
   382.8809    
   407.8894    
   410.5753    
   366.3114    
   402.4314    
   343.7961    
   36.28563    
   31.13697    
   31.46655    
   32.50594    
   35.90532    
   36.42377    
   34.99704    
   29.57560    
   30.20530    
   36.71193    
   29.40919    
   32.40382    
   29.34619    
   31.42367    
   35.05735    
   35.78720    
   36.83578    
   31.88911    
   35.28529    
   35.66964    
   29.91204    
   28.87612    
   36.46730    
   33.16896    
   33.23074    
   38.19136    
   38.55291    
   35.42974    
   31.96766    
   31.39608    
   37.98271    
   32.99144    
   29.00327    
   35.99349    
   32.50824    
   34.91647    
   32.92255    
   29.33051    
   38.07177    
   29.65539    
   37.76323    
   32.43788    
   36.50095    
   34.13898    
   35.13509    
   38.20708    
   36.81927    
   38.14055    
   38.39902    
   37.94959    
   36.90474    
   36.86517    
   37.66108    
   34.62696    
   37.83068    
   29.89837    
   37.91542    
   32.59600    
   29.64395    
   37.29248    
   38.15796    
   34.33601    
   29.82525    
   31.23448    
   32.71528    
   34.00235    
   32.25333    
   37.18548    
   34.78898    
   38.27316    
   29.16247    
   38.89016    
   30.81495    
   33.24453    
   35.00419    
   32.54659    
   38.28292    
   29.39675    
   30.96832    
   37.17999    
   33.43724    
   32.29784    
   33.27542    
   30.75373    
   33.21595    
   30.44453    
   31.35062    
   35.44061    
   36.91558    
   30.70776    
   29.45761    
   37.23103    
   30.69374    
   29.67083    
   29.30320    
   34.39024    
   34.59824    
   32.57198    
   34.85727    
   31.96404    
   29.63325    
   38.60655    
   38.76568    
   33.11076    
   28.90803    
   33.21109    
   30.97857    
   37.41531    
   28.82253    
   38.10750    
   29.59404    
   36.02958    
   33.24655    
   36.30623    
   32.36116    
   34.10594    
   28.82487    
   36.11440    
   31.02081    
   29.43486    
   33.27593    
   30.41420    
   37.70629    
   38.68676    
   33.88297    
   34.01248    
   32.00324    
   29.07992    
   29.44540    
   36.57191    
   31.78103    
   29.67554    
   33.51194    
   33.61338    
   33.90545    
   36.38715    
   38.89549    
   34.03347    
   38.10043    
   35.68369    
   309.1990    
   301.3192    
   284.5590    
   312.7828    
   323.0168    
   339.9785    
   260.9708    
   272.1032    
   303.2304    
   340.6435    
   338.1964    
   262.5012    
   333.9170    
   330.0307    
   277.1179    
   287.3534    
   256.0147    
   274.5900    
   274.6429    
   264.7068    
   264.4386    
   338.5218    
   286.0348    
   338.7636    
   261.3665    
   303.1943    
   264.6390    
   262.7153    
   307.0216    
   309.1850    
   328.4419    
   284.3030    
   276.8806    
   309.4668    
   313.1575    
   292.2674    
   256.1750    
   304.9128    
   332.7599    
   285.4233    
   320.9188    
   281.5067    
   276.2879    
   273.2867    
   335.8216    
   299.5142    
   312.0959    
   328.6630    
   309.3921    
   284.3610    
   328.3764    
   341.9419    
   315.6712    
   329.6753    
   291.0776    
   287.5566    
   342.7985    
   341.8327    
   258.5018    
   282.2005    
   338.5654    
   286.7169    
   322.7370    
   344.7497    
   272.8527    
   318.2888    
   297.8198    
   308.1467    
   307.0042    
   338.7083    
   325.2936    
   333.5003    
   259.6762    
   340.7744    
   325.9879    
   315.4322    
   260.2352    
   271.9694    
   279.1410    
   339.8952    
   338.4275    
   320.6167    
   338.3056    
   303.3907    
   301.0869    
   273.3886    
   333.7819    
   314.5050    
   256.0840    
   285.4881    
   282.4962    
   256.8454    
   342.7003    
   271.9254    
   284.4072    
   314.3962    
   298.7859    
   261.2142    
   255.6942    
   298.0708    
   305.5153    
   270.6725    
   309.1883    
   294.8882    
   318.1601    
   333.6839    
   341.2273    
   298.4471    
   314.2576    
   318.7161    
   265.7538    
   261.5143    
   288.5099    
   260.5046    
   265.2970    
   300.5745    
   264.5680    
   302.8917    
   338.4310    
   331.9321    
   323.7004    
   343.3710    
   314.3734    
   310.0304    
   290.1421    
   279.8482    
   334.7224    
   257.5269    
   333.8386    
   319.3123    
   271.4675    
   267.2283    
   329.3597    
   267.8044    
   332.5473    
   295.7816    
   312.3110    
   323.1125    
   333.5262    
   289.4298    
   355.8011    
   340.5515    
   371.9762    
   310.9256    
   289.9406    
   352.0378    
   350.9276    
   311.7812    
   350.5717    
   285.6689    
   327.7307    
   352.9614    
   337.0710    
   377.5541    
   341.5588    
   300.8182    
   341.3650    
   334.5360    
   333.7368    
   337.7975    
   369.4738    
   321.2051    
   350.2708    
   318.3456    
   379.3763    
   325.1268    
   365.3384    
   286.7861    
   337.5164    
   286.3594    
   322.2610    
   367.6084    
   293.9505    
   295.3230    
   292.5366    
   326.4276    
   376.7164    
   361.9196    
   355.2547    
   292.9154    
   307.7434    
   352.4254    
   296.3115    
   359.0422    
   329.2832    
   292.9929    
   320.4669    
   345.0906    
   359.4229    
   343.8255    
   290.7430    
   329.9606    
   359.2788    
   344.6027    
   378.3431    
   355.0446    
   321.1508    
   323.0366    
   339.3325    
   295.8757    
   374.7394    
   375.8399    
   301.2607    
   299.2254    
   315.4830    
   319.7848    
   375.3839    
   294.3537    
   344.5766    
   305.8938    
   287.5302    
   367.9700    
   336.3318    
   308.9406    
   320.0647    
   312.7654    
   317.2184    
   281.8236    
   284.0966    
   337.9158    
   367.0266    
   378.2897    
   299.8875    
   356.6372    
   339.8310    
   349.2298    
   303.4405    
   336.2913    
   299.5352    
   299.7850    
   367.0912    
   319.1628    
   377.5391    
   321.7650    
   342.7995    
   312.7479    
   350.7852    
   293.8370    
   319.4424    
   347.8140    
   332.0682    
   346.5857    
   303.3890    
   306.5508    
   285.9449    
   302.3055    
   315.3960    
   316.1723    
   358.6453    
   376.1830    
   307.3042    
   316.0905    
   331.8452    
   355.1110    
   296.2173    
   289.9600    
   288.1201    
   336.1542    
   318.4807    
   367.2339    
   300.8402    
   340.3256    
   302.8828    
   297.1313    
   341.5465    
   292.9741    
   360.1762    
   283.4154    
   305.3886    
   370.7842    
   295.8814    
   296.8038    
   353.4636    
   323.5059    
   334.7712    
   350.5086    
   379.0155    
   355.3364    
   372.6960    
   347.0296    
   565.5795    
   560.5765    
   669.8595    
   573.2870    
   582.2448    
   718.5956    
   568.9360    
   737.1378    
   698.2724    
   749.1761    
   576.6478    
   647.5516    
   563.3843    
   601.5228    
   735.0013    
   676.8972    
   662.5577    
   656.8041    
   671.0070    
   707.6156    
   704.3856    
   748.7974    
   691.3403    
   637.3609    
   587.4498    
   687.3574    
   567.7908    
   627.5610    
   621.3911    
   720.7928    
   705.2320    
   704.4222    
   611.6997    
   568.7307    
   609.4003    
   689.8201    
   740.5621    
   739.7579    
   714.6405    
   657.5683    
   724.9594    
   660.1487    
   729.5040    
   742.1293    
   575.3329    
   651.2816    
   560.3581    
   690.7460    
   608.9479    
   718.1420    
   685.1817    
   722.9062    
   717.9546    
   645.1582    
   609.1265    
   569.3156    
   651.5498    
   617.4129    
   680.0446    
   600.1591    
   725.7697    
   607.8311    
   617.3572    
   741.8939    
   615.0469    
   680.7228    
   618.9346    
   701.3742    
   721.7793    
   647.7682    
   745.2301    
   715.3528    
   650.2172    
   640.3572    
   731.0447    
   674.9810    
   649.3406    
   643.3944    
   615.9034    
   557.6403    
   746.5219    
   554.4801    
   629.1286    
   602.1957    
   699.7993    
   572.9792    
   720.5903    
   641.2015    
   573.2710    
   746.0439    
   714.5776    
   740.4416    
   567.1878    
   649.0351    
   695.8125    
   604.4432    
   689.2111    
   568.7651    
   650.1631    
   680.3033    
   657.8134    
   670.7605    
   728.4770    
   659.0666    
   624.2899    
   691.9016    
   569.6245    
   652.8593    
   563.0004    
   744.9053    
   615.0856    
   747.0209    
   675.7111    
   693.2950    
   723.3456    
   686.6350    
   659.6562    
   638.2139    
   580.3452    
   674.9023    
   576.1658    
   562.1919    
   733.0527    
   742.0024    
   583.0139    
   693.7791    
   727.3546    
   639.3303    
   703.4207    
   638.1536    
   605.9138    
   650.0891    
   631.7090    
   597.0188    
   683.2809    
   579.3905    
   748.5491    
   572.5207    
   575.7037    
   638.1553    
