   3.120000    
   3.120000    
   3.120000    
   3.120000    
   3.120000    
   3.120000    
   3.120000    
   218.6121    
   26.92662    
   8.260686    
   3.120000    
   3.120000    
   3.120000    
   3.120000    
   3.120000    
   5.594468    
   103.5918    
   244.7637    
   195.2132    
   12.35675    
   3.120000    
   3.120000    
   3.120000    
   3.120000    
   51.55931    
   7.683719    
   96.95014    
   159.7696    
   228.5898    
   21.92873    
   3.120000    
   3.120000    
   3.120000    
   216.9532    
   160.6407    
   11.39799    
   11.19564    
   97.70745    
   203.5185    
   116.7989    
   3.120000    
   3.120000    
   207.4852    
   195.3091    
   215.3175    
   91.55649    
   9.126997    
   36.71222    
   201.0376    
   186.6774    
   3.120000    
   3.120000    
   216.7707    
   213.3905    
   184.9753    
   104.3862    
   29.60242    
   12.32319    
   183.6558    
   221.9127    
   3.120000    
   3.120000    
   168.4516    
   220.7875    
   206.3998    
   129.1902    
   81.88805    
   10.48462    
   148.9091    
   147.3420    
   3.120000    
   6.083035    
   33.04742    
   85.11577    
   223.2814    
   241.2730    
   104.1770    
   14.28962    
   32.78152    
   192.4292    
   3.120000    
   4.540166    
   6.522514    
   31.00061    
   79.12265    
   192.5560    
   174.8274    
   143.8823    
   21.13169    
   94.75037    
   3.120000    
   5.273463    
   5.833831    
   4.413661    
   20.73980    
   49.10577    
   176.1129    
   188.2594    
   94.14869    
   67.76079    
   3.120000    
   4.218012    
   9.402508    
   8.523809    
   7.184206    
   10.41482    
   112.2359    
   221.2480    
   241.4360    
   95.22425    
   5.197896    
   4.649777    
   5.614535    
   30.88940    
   7.665442    
   9.005605    
   21.26644    
   248.9430    
   207.0809    
   165.8355    
   12.49739    
   4.890249    
   5.651841    
   60.59816    
   52.70029    
   9.210277    
   29.73939    
   182.1137    
   203.1097    
   3.120000    
   3.120000    
   17.45936    
   6.583899    
   5.785065    
   80.49887    
   14.10134    
   13.99978    
   3.120000    
   3.120000    
   3.120000    
   3.120000    
   3.120000    
   3.120000    
   3.120000    
   3.120000    
   3.120000    
   3.120000    
   10.04899    
   17.34563    
   29.19956    
   3.120000    
   3.120000    
   3.120000    
   3.120000    
   3.120000    
   44.77181    
   26.73189    
   14.45157    
   7.482162    
   9.098556    
   3.120000    
   3.120000    
   3.120000    
   3.120000    
   66.16824    
   70.46027    
   35.27113    
   27.58556    
   7.658984    
   5.167385    
   3.120000    
   3.120000    
   3.120000    
   49.62373    
   58.09434    
   58.56272    
   46.47058    
   38.59602    
   8.202198    
   4.062003    
   3.120000    
   3.120000    
   21.25906    
   32.79515    
   39.28519    
   38.46792    
   14.72316    
   23.35634    
   7.421011    
   4.279234    
   3.120000    
   3.120000    
   7.198092    
   13.66552    
   6.770751    
   13.97022    
   15.51711    
   24.76523    
   10.68155    
   4.250063    
   3.120000    
   3.120000    
   6.808038    
   4.441101    
   5.897153    
   5.327604    
   5.616337    
   23.39543    
   13.71960    
   7.512611    
   3.120000    
   13.56589    
   6.977497    
   5.429991    
   4.674287    
   6.843776    
   3.462677    
   6.904548    
   12.54333    
   8.296278    
   3.120000    
   8.889204    
   8.105052    
   10.38030    
   8.001502    
   8.063869    
   5.345879    
   6.384429    
   5.236063    
   5.299947    
   3.120000    
   4.407425    
   8.584329    
   17.64638    
   10.09650    
   4.559450    
   4.139081    
   7.640891    
   5.505798    
   11.63205    
   3.120000    
   15.78852    
   10.62314    
   24.27266    
   25.38943    
   7.267163    
   6.295279    
   21.53973    
   13.97366    
   7.074088    
   12.18737    
   8.713869    
   10.67286    
   46.53898    
   31.23041    
   11.13741    
   7.193717    
   9.061437    
   10.13903    
   4.457605    
   7.283301    
   4.149492    
   3.887794    
   8.273659    
   18.49335    
   13.04965    
   22.28642    
   20.37958    
   13.02314    
   3.120000    
   3.120000    
   4.905143    
   9.218409    
   30.22051    
   10.70937    
   18.11404    
   31.88966    
   3.120000    
   3.120000    
   3.120000    
   3.120000    
   3.120000    
   3.120000    
   3.120000    
   3.120000    
   3.120000    
   3.120000    
   3.120000    
   3.120000    
   3.120000    
   3.120000    
   3.120000    
   3.120000    
   3.120000    
   3.120000    
   3.120000    
   3.120000    
   241.3526    
   226.7035    
   107.7301    
   3.120000    
   3.120000    
   3.120000    
   3.120000    
   3.120000    
   152.8981    
   180.8125    
   232.9695    
   183.1108    
   125.5323    
   3.120000    
   3.120000    
   3.120000    
   3.120000    
   128.7766    
   89.48418    
   51.78167    
   132.9612    
   230.4940    
   238.2245    
   3.120000    
   3.120000    
   3.120000    
   164.1313    
   53.90495    
   141.7721    
   99.68719    
   49.42875    
   65.74449    
   136.7138    
   3.120000    
   3.120000    
   3.120000    
   132.2014    
   101.9942    
   102.0462    
   70.38132    
   27.03269    
   74.61067    
   66.91530    
   3.120000    
   3.120000    
   14.34833    
   19.93760    
   46.83873    
   54.36083    
   55.60880    
   35.34282    
   21.32491    
   89.83385    
   3.120000    
   3.120000    
   17.58208    
   30.34428    
   34.99725    
   51.73937    
   98.65028    
   211.5006    
   108.1073    
   28.79916    
   3.120000    
   152.7071    
   19.49532    
   10.73465    
   18.59661    
   46.81083    
   63.08481    
   138.4883    
   94.09474    
   204.9440    
   3.120000    
   222.9269    
   130.6224    
   49.54683    
   7.103989    
   17.93814    
   55.23732    
   92.20398    
   164.3659    
   105.5694    
   3.120000    
   221.9935    
   195.0054    
   108.1068    
   109.9285    
   17.14776    
   19.89230    
   76.65616    
   85.63374    
   146.2383    
   3.120000    
   148.2448    
   207.0314    
   203.6117    
   193.2569    
   166.9976    
   34.14680    
   71.06635    
   54.53706    
   32.06855    
   3.120000    
   37.68494    
   145.6596    
   197.2240    
   194.7549    
   235.5757    
   140.9625    
   39.57375    
   35.92281    
   3.120000    
   3.120000    
   3.120000    
   3.120000    
   218.6767    
   216.7161    
   185.4386    
   239.7269    
   3.120000    
   3.120000    
   3.120000    
   3.120000    
   3.120000    
   3.120000    
   3.120000    
   3.120000    
   3.120000    
   3.120000    
   3.120000    
   3.120000    
   3.120000    
   3.120000    
   3.120000    
   3.120000    
   3.120000    
   3.120000    
   3.120000    
   3.120000    
   14.49502    
   12.51257    
   21.62033    
   3.120000    
   3.120000    
   3.120000    
   3.120000    
   3.120000    
   55.08623    
   126.5774    
   141.4266    
   65.45874    
   52.92148    
   3.120000    
   3.120000    
   3.120000    
   3.120000    
   14.95060    
   28.48381    
   144.8522    
   159.5141    
   121.1039    
   42.30098    
   3.120000    
   3.120000    
   3.120000    
   3.871825    
   7.220258    
   11.20561    
   109.0925    
   195.2266    
   131.3318    
   79.70036    
   3.120000    
   3.120000    
   3.120000    
   4.375906    
   4.698783    
   24.25257    
   95.54450    
   77.49670    
   48.80309    
   66.31512    
   3.120000    
   3.120000    
   3.678316    
   3.896035    
   28.72208    
   46.05374    
   60.32473    
   15.04874    
   20.26018    
   18.83738    
   3.120000    
   3.120000    
   5.817709    
   9.496447    
   99.34484    
   43.18412    
   11.81340    
   12.12573    
   15.92630    
   16.61458    
   3.120000    
   12.97081    
   8.553143    
   32.70684    
   81.79702    
   58.06967    
   9.949472    
   21.86935    
   21.21082    
   42.90163    
   3.120000    
   8.248818    
   13.13925    
   45.48174    
   112.5641    
   81.21740    
   9.590697    
   15.27832    
   41.04904    
   135.4875    
   3.120000    
   6.388559    
   7.655748    
   110.0700    
   153.7996    
   51.26060    
   15.86753    
   32.76526    
   123.4411    
   112.3576    
   3.120000    
   4.927549    
   6.361649    
   32.05718    
   79.58550    
   51.48528    
   44.68554    
   101.3980    
   123.7399    
   110.0938    
   3.120000    
   3.775862    
   4.868955    
   20.89830    
   30.32194    
   44.00738    
   71.79126    
   98.18427    
   46.35257    
   3.120000    
   3.120000    
   3.120000    
   3.120000    
   9.632333    
   11.38564    
   11.38702    
   35.35140    
   3.120000    
   3.120000    
   3.120000    
   3.120000    
   3.120000    
   3.120000    
   3.120000    
   3.120000    
   3.120000    
   3.120000    
   3.120000    
   3.120000    
   3.120000    
   3.120000    
   3.120000    
   3.120000    
   3.120000    
   3.120000    
   3.120000    
   3.120000    
   5.200846    
   16.19128    
   95.43668    
   3.120000    
   3.120000    
   3.120000    
   3.120000    
   3.120000    
   64.64172    
   9.480623    
   4.583745    
   8.454595    
   22.37595    
   3.120000    
   3.120000    
   3.120000    
   3.120000    
   231.4257    
   219.9354    
   116.8375    
   9.492572    
   13.80706    
   7.585824    
   3.120000    
   3.120000    
   3.120000    
   211.0149    
   202.0342    
   184.5119    
   150.8333    
   56.07247    
   27.92139    
   126.9769    
   3.120000    
   3.120000    
   3.120000    
   193.6813    
   241.5384    
   240.3833    
   169.5480    
   229.9961    
   68.96682    
   51.03092    
   3.120000    
   3.120000    
   195.9265    
   122.5577    
   83.09148    
   57.79530    
   195.7660    
   194.0588    
   217.6679    
   242.3476    
   3.120000    
   3.120000    
   187.9335    
   183.6649    
   180.7768    
   53.63475    
   84.04989    
   231.7132    
   174.7693    
   202.5970    
   3.120000    
   192.3107    
   194.3557    
   208.2514    
   226.8337    
   140.7904    
   58.21646    
   32.80338    
   102.3134    
   130.6649    
   3.120000    
   103.2524    
   160.4124    
   142.1812    
   198.7744    
   214.6261    
   142.8686    
   106.7244    
   34.81263    
   114.2025    
   3.120000    
   10.19163    
   15.42922    
   21.64474    
   186.7338    
   239.5207    
   232.6528    
   245.5488    
   237.8970    
   72.41109    
   3.120000    
   33.25202    
   12.85668    
   9.131082    
   54.53205    
   110.7841    
   237.8056    
   188.1086    
   211.8189    
   246.0556    
   3.120000    
   49.08236    
   41.74530    
   54.75118    
   37.69812    
   53.49979    
   141.9713    
   149.1283    
   239.9303    
   3.120000    
   3.120000    
   3.120000    
   3.120000    
   111.5673    
   129.5918    
   140.5143    
   168.6739    
   3.120000    
   3.120000    
   3.120000    
