   3.120000    
   3.120000    
   3.120000    
   3.120000    
   3.120000    
   3.120000    
   3.120000    
   223.2417    
   23.87379    
   9.201338    
   3.120000    
   3.120000    
   3.120000    
   3.120000    
   3.120000    
   5.667315    
   128.5909    
   197.6588    
   181.5780    
   13.25619    
   3.120000    
   3.120000    
   3.120000    
   3.120000    
   66.15647    
   8.010294    
   96.95155    
   203.3634    
   193.6103    
   21.73966    
   3.120000    
   3.120000    
   3.120000    
   233.8029    
   149.1292    
   14.66018    
   13.14203    
   99.96021    
   198.5456    
   117.1717    
   3.120000    
   3.120000    
   168.5113    
   237.9375    
   236.9345    
   72.65625    
   10.12282    
   45.47154    
   226.5307    
   164.6172    
   3.120000    
   3.120000    
   196.2848    
   240.6487    
   244.9016    
   95.37931    
   25.68294    
   12.24121    
   183.5968    
   236.9262    
   3.120000    
   3.120000    
   204.4887    
   233.0734    
   250.2118    
   120.9216    
   94.84532    
   9.418742    
   156.8466    
   152.3815    
   3.120000    
   6.506097    
   29.89013    
   96.09171    
   225.9971    
   175.0739    
   91.91727    
   13.04262    
   32.02836    
   196.8454    
   3.120000    
   4.726080    
   7.427017    
   28.40571    
   79.10932    
   169.2738    
   184.9856    
   128.0459    
   17.58177    
   94.05124    
   3.120000    
   5.848760    
   5.622411    
   4.806894    
   21.23772    
   38.72763    
   206.0035    
   235.7460    
   98.56568    
   82.52912    
   3.120000    
   4.051109    
   8.514600    
   8.497613    
   7.181583    
   12.04327    
   165.7535    
   204.5556    
   243.2102    
   118.3238    
   4.629523    
   4.577049    
   5.643585    
   32.65609    
   7.734305    
   8.986689    
   22.71446    
   195.2332    
   227.8947    
   164.2580    
   13.13966    
   4.532060    
   5.590825    
   68.43725    
   48.88722    
   9.154669    
   28.09472    
   232.9973    
   157.4741    
   3.120000    
   3.120000    
   20.72317    
   7.786885    
   5.471820    
   89.90919    
   12.29171    
   16.55064    
   3.120000    
   3.120000    
   3.120000    
   3.120000    
   3.120000    
   3.120000    
   3.120000    
   3.120000    
   3.120000    
   3.120000    
   10.99839    
   18.99686    
   28.29679    
   3.120000    
   3.120000    
   3.120000    
   3.120000    
   3.120000    
   43.28011    
   21.98557    
   14.22680    
   9.195856    
   8.415768    
   3.120000    
   3.120000    
   3.120000    
   3.120000    
   55.89783    
   53.04190    
   41.91115    
   34.71259    
   7.199420    
   4.843368    
   3.120000    
   3.120000    
   3.120000    
   44.55840    
   61.55234    
   52.88087    
   53.94212    
   27.56398    
   9.892440    
   4.230532    
   3.120000    
   3.120000    
   20.19850    
   29.45232    
   28.98970    
   39.84429    
   19.65142    
   26.64828    
   8.392511    
   4.664501    
   3.120000    
   3.120000    
   6.826097    
   11.78581    
   7.230578    
   13.84848    
   15.98931    
   24.86238    
   10.66972    
   4.314175    
   3.120000    
   3.120000    
   7.615346    
   4.490433    
   5.295696    
   4.779558    
   6.199719    
   21.51161    
   13.33573    
   6.880944    
   3.120000    
   12.27868    
   7.582067    
   4.741774    
   5.004126    
   8.546200    
   3.408210    
   7.151313    
   9.891303    
   6.874230    
   3.120000    
   8.784075    
   7.899875    
   11.27795    
   8.021544    
   8.938028    
   5.349179    
   5.585681    
   4.970220    
   6.086373    
   3.120000    
   4.977327    
   8.013687    
   15.17729    
   9.117972    
   4.192440    
   4.479672    
   7.726207    
   4.820110    
   10.78896    
   3.120000    
   20.68624    
   11.26252    
   33.02655    
   25.27284    
   6.079617    
   6.340549    
   19.11359    
   13.87030    
   8.250047    
   11.68959    
   9.494222    
   12.44579    
   48.18129    
   36.15725    
   11.09314    
   6.935749    
   8.713046    
   9.162724    
   4.781772    
   5.987726    
   4.254644    
   4.137628    
   8.615633    
   17.54627    
   11.34829    
   17.82933    
   24.34172    
   13.85917    
   3.120000    
   3.120000    
   5.355293    
   8.315060    
   26.25752    
   9.608165    
   19.58047    
   32.91927    
   3.120000    
   3.120000    
   3.120000    
   3.120000    
   3.120000    
   3.120000    
   3.120000    
   3.120000    
   3.120000    
   3.120000    
   3.120000    
   3.120000    
   3.120000    
   3.120000    
   3.120000    
   3.120000    
   3.120000    
   3.120000    
   3.120000    
   3.120000    
   188.8218    
   188.1131    
   112.2990    
   3.120000    
   3.120000    
   3.120000    
   3.120000    
   3.120000    
   114.2683    
   242.7429    
   241.3993    
   196.5509    
   130.2506    
   3.120000    
   3.120000    
   3.120000    
   3.120000    
   137.3880    
   80.33245    
   55.61992    
   92.86279    
   158.7473    
   190.8631    
   3.120000    
   3.120000    
   3.120000    
   127.9262    
   62.90816    
   135.9960    
   99.37067    
   39.83726    
   77.07598    
   127.6698    
   3.120000    
   3.120000    
   3.120000    
   145.4608    
   112.4111    
   99.69162    
   88.97043    
   27.11365    
   75.25153    
   68.19406    
   3.120000    
   3.120000    
   13.68945    
   21.91462    
   43.63635    
   75.48707    
   66.85432    
   31.39357    
   19.43815    
   96.27451    
   3.120000    
   3.120000    
   18.66542    
   26.69832    
   41.75793    
   42.94832    
   137.8951    
   212.4492    
   106.8495    
   25.29467    
   3.120000    
   144.9404    
   23.16249    
   12.85855    
   18.53404    
   44.53510    
   59.64472    
   114.6392    
   131.6347    
   223.8885    
   3.120000    
   208.8747    
   143.0208    
   43.92719    
   8.322232    
   15.06817    
   54.78886    
   109.8269    
   175.6403    
   89.20038    
   3.120000    
   233.1453    
   237.0794    
   118.7809    
   110.3070    
   16.62825    
   17.42890    
   85.00105    
   85.69099    
   179.6487    
   3.120000    
   181.1838    
   195.6426    
   221.9452    
   200.5217    
   167.9706    
   32.49060    
   54.07727    
   48.80812    
   23.97964    
   3.120000    
   47.88713    
   165.6941    
   245.7544    
   247.0225    
   240.1265    
   163.4806    
   35.18719    
   45.29982    
   3.120000    
   3.120000    
   3.120000    
   3.120000    
   238.7944    
   246.6897    
   243.8300    
   241.4991    
   3.120000    
   3.120000    
   3.120000    
   3.120000    
   3.120000    
   3.120000    
   3.120000    
   3.120000    
   3.120000    
   3.120000    
   3.120000    
   3.120000    
   3.120000    
   3.120000    
   3.120000    
   3.120000    
   3.120000    
   3.120000    
   3.120000    
   3.120000    
   14.59209    
   12.62806    
   23.61530    
   3.120000    
   3.120000    
   3.120000    
   3.120000    
   3.120000    
   54.96069    
   127.6250    
   133.0387    
   56.99730    
   68.48456    
   3.120000    
   3.120000    
   3.120000    
   3.120000    
   14.95590    
   29.19347    
   112.8873    
   160.1436    
   133.4921    
   53.22738    
   3.120000    
   3.120000    
   3.120000    
   3.791600    
   6.860839    
   13.65253    
   106.8580    
   132.1469    
   130.8290    
   62.30915    
   3.120000    
   3.120000    
   3.120000    
   4.397598    
   4.261729    
   31.84998    
   69.31656    
   77.18317    
   48.91440    
   65.55138    
   3.120000    
   3.120000    
   3.593770    
   3.943314    
   33.88331    
   51.08585    
   60.12011    
   13.33057    
   20.53206    
   14.50288    
   3.120000    
   3.120000    
   5.503210    
   12.49658    
   74.94148    
   33.19749    
   14.31289    
   12.15756    
   20.12934    
   20.59134    
   3.120000    
   12.63532    
   7.786068    
   35.79370    
   81.27538    
   80.72998    
   13.38600    
   22.41144    
   21.71880    
   46.76532    
   3.120000    
   10.20522    
   11.11731    
   44.00018    
   91.13269    
   92.18896    
   8.791848    
   13.80840    
   43.27546    
   188.4550    
   3.120000    
   6.624352    
   7.863450    
   104.4125    
   152.3810    
   37.74574    
   14.01870    
   30.76375    
   123.2260    
   103.0326    
   3.120000    
   4.736398    
   6.045067    
   31.85989    
   66.24132    
   51.62983    
   45.18647    
   140.4320    
   173.6384    
   89.46671    
   3.120000    
   3.959557    
   5.742270    
   19.03683    
   35.09011    
   53.53164    
   90.92422    
   84.69101    
   46.19994    
   3.120000    
   3.120000    
   3.120000    
   3.120000    
   10.13987    
   13.54863    
   12.67555    
   35.93366    
   3.120000    
   3.120000    
   3.120000    
   3.120000    
   3.120000    
   3.120000    
   3.120000    
   3.120000    
   3.120000    
   3.120000    
   3.120000    
   3.120000    
   3.120000    
   3.120000    
   3.120000    
   3.120000    
   3.120000    
   3.120000    
   3.120000    
   3.120000    
   5.368423    
   17.43261    
   103.0041    
   3.120000    
   3.120000    
   3.120000    
   3.120000    
   3.120000    
   64.95372    
   7.677256    
   5.039410    
   8.350288    
   24.82180    
   3.120000    
   3.120000    
   3.120000    
   3.120000    
   217.3428    
   173.0787    
   113.6511    
   10.28627    
   16.05048    
   9.634799    
   3.120000    
   3.120000    
   3.120000    
   220.7785    
   223.8967    
   221.4869    
   157.9281    
   48.08234    
   24.19833    
   107.2418    
   3.120000    
   3.120000    
   3.120000    
   160.2087    
   242.0564    
   198.9245    
   229.1633    
   232.2592    
   73.93130    
   64.07932    
   3.120000    
   3.120000    
   154.5680    
   103.8978    
   87.42986    
   67.73424    
   182.6158    
   195.7788    
   248.7748    
   236.3714    
   3.120000    
   3.120000    
   233.5875    
   218.2495    
   196.5335    
   75.19606    
   122.6933    
   176.8181    
   214.6105    
   179.5749    
   3.120000    
   199.7112    
   230.8260    
   229.2835    
   226.1143    
   134.4917    
   42.42117    
   37.61549    
   108.9079    
   135.2729    
   3.120000    
   116.5537    
   188.0239    
   183.9144    
   247.7814    
   214.9611    
   176.3315    
   82.94262    
   40.64939    
   104.1901    
   3.120000    
   8.948936    
   16.51282    
   20.96455    
   188.2226    
   202.4564    
   186.9964    
   188.6100    
   192.8049    
   71.17713    
   3.120000    
   47.28516    
   15.18816    
   11.00334    
   61.78637    
   143.5551    
   227.8516    
   194.0896    
   239.9946    
   241.3988    
   3.120000    
   49.13882    
   45.04634    
   64.91886    
   38.22414    
   46.50521    
   165.9788    
   140.3306    
   196.2404    
   3.120000    
   3.120000    
   3.120000    
   3.120000    
   112.1670    
   107.4438    
   137.3732    
   193.4576    
   3.120000    
   3.120000    
   3.120000    
