  0.0000000E+00
  0.0000000E+00
  0.0000000E+00
  0.0000000E+00
  0.0000000E+00
  0.0000000E+00
  0.0000000E+00
   695.1357    
   76.79554    
   16.58286    
  0.0000000E+00
  0.0000000E+00
  0.0000000E+00
  0.0000000E+00
  0.0000000E+00
   7.982153    
   324.1025    
   779.4957    
   619.6554    
   29.79596    
  0.0000000E+00
  0.0000000E+00
  0.0000000E+00
  0.0000000E+00
   156.2558    
   14.72167    
   302.6779    
   505.3212    
   727.3220    
   60.67332    
  0.0000000E+00
  0.0000000E+00
  0.0000000E+00
   689.7844    
   508.1312    
   26.70318    
   26.05046    
   305.1208    
   646.4469    
   366.7060    
  0.0000000E+00
  0.0000000E+00
   659.2424    
   619.9648    
   684.5082    
   285.2790    
   19.37741    
   108.3620    
   638.4437    
   592.1205    
  0.0000000E+00
  0.0000000E+00
   689.1957    
   678.2919    
   586.6299    
   326.6653    
   85.42715    
   29.68773    
   582.3735    
   705.7828    
  0.0000000E+00
  0.0000000E+00
   533.3278    
   702.1532    
   655.7412    
   406.6782    
   254.0905    
   23.75684    
   470.2875    
   465.2322    
  0.0000000E+00
   9.558176    
   96.54005    
   264.5025    
   710.1981    
   768.2356    
   325.9902    
   36.03103    
   95.68231    
   610.6748    
  0.0000000E+00
   4.581182    
   10.97585    
   89.93744    
   245.1698    
   611.0838    
   553.8948    
   454.0720    
   58.10222    
   295.5818    
  0.0000000E+00
   6.946655    
   8.754295    
   4.173100    
   56.83805    
   148.3412    
   558.0414    
   597.2238    
   293.6409    
   208.5187    
  0.0000000E+00
   3.541976    
   20.26616    
   17.43164    
   13.11034    
   23.53168    
   351.9868    
   703.6388    
   768.7612    
   297.1105    
   6.702892    
   4.934765    
   8.046888    
   89.57870    
   14.66272    
   18.98582    
   58.53690    
   792.9774    
   657.9382    
   524.8889    
   30.24965    
   5.710482    
   8.167229    
   185.4134    
   159.9364    
   19.64605    
   85.86900    
   577.3991    
   645.1282    
  0.0000000E+00
  0.0000000E+00
   46.25599    
   11.17387    
   8.596984    
   249.6093    
   35.42369    
   35.09606    
  0.0000000E+00
  0.0000000E+00
  0.0000000E+00
  0.0000000E+00
  0.0000000E+00
  0.0000000E+00
  0.0000000E+00
  0.0000000E+00
  0.0000000E+00
  0.0000000E+00
   22.35158    
   45.88912    
   84.12762    
  0.0000000E+00
  0.0000000E+00
  0.0000000E+00
  0.0000000E+00
  0.0000000E+00
   134.3607    
   76.16740    
   36.55346    
   14.07149    
   19.28566    
  0.0000000E+00
  0.0000000E+00
  0.0000000E+00
  0.0000000E+00
   203.3814    
   217.2267    
   103.7133    
   78.92116    
   14.64188    
   6.604467    
  0.0000000E+00
  0.0000000E+00
  0.0000000E+00
   150.0120    
   177.3366    
   178.8475    
   139.8406    
   114.4388    
   16.39419    
   3.038720    
  0.0000000E+00
  0.0000000E+00
   58.51309    
   95.72630    
   116.6619    
   114.0255    
   37.42954    
   65.27851    
   13.87423    
   3.739466    
  0.0000000E+00
  0.0000000E+00
   13.15514    
   34.01781    
   11.77662    
   35.00072    
   39.99069    
   69.82333    
   24.39209    
   3.645365    
  0.0000000E+00
  0.0000000E+00
   11.89690    
   4.261616    
   8.958558    
   7.121305    
   8.052701    
   65.40462    
   34.19226    
   14.16971    
  0.0000000E+00
   33.69643    
   12.44354    
   7.451584    
   5.013829    
   12.01218    
   1.105411    
   12.20822    
   30.39783    
   16.69767    
  0.0000000E+00
   18.61033    
   16.08081    
   23.42032    
   15.74678    
   15.94796    
   7.180254    
   10.53042    
   6.826010    
   7.032086    
  0.0000000E+00
   4.152986    
   17.62687    
   46.85929    
   22.50484    
   4.643388    
   3.287357    
   14.58352    
   7.696123    
   27.45824    
  0.0000000E+00
   40.86620    
   24.20366    
   68.23438    
   71.83685    
   13.37795    
   10.24284    
   59.41849    
   35.01180    
   12.75512    
   29.24957    
   18.04474    
   24.36407    
   140.0612    
   90.67874    
   25.86263    
   13.14102    
   19.16592    
   22.64204    
   4.314857    
   13.43000    
   3.320943    
   2.476757    
   16.62471    
   49.59146    
   32.03114    
   61.82715    
   55.67606    
   31.94560    
  0.0000000E+00
  0.0000000E+00
   5.758527    
   19.67229    
   87.42099    
   24.48183    
   48.36786    
   92.80534    
  0.0000000E+00
  0.0000000E+00
  0.0000000E+00
  0.0000000E+00
  0.0000000E+00
  0.0000000E+00
  0.0000000E+00
  0.0000000E+00
  0.0000000E+00
  0.0000000E+00
  0.0000000E+00
  0.0000000E+00
  0.0000000E+00
  0.0000000E+00
  0.0000000E+00
  0.0000000E+00
  0.0000000E+00
  0.0000000E+00
  0.0000000E+00
  0.0000000E+00
   768.4923    
   721.2371    
   337.4518    
  0.0000000E+00
  0.0000000E+00
  0.0000000E+00
  0.0000000E+00
  0.0000000E+00
   483.1553    
   573.2017    
   741.4500    
   580.6156    
   394.8785    
  0.0000000E+00
  0.0000000E+00
  0.0000000E+00
  0.0000000E+00
   405.3440    
   278.5941    
   156.9731    
   418.8426    
   733.4645    
   758.4017    
  0.0000000E+00
  0.0000000E+00
  0.0000000E+00
   519.3914    
   163.8224    
   447.2647    
   311.5070    
   149.3831    
   202.0145    
   430.9477    
  0.0000000E+00
  0.0000000E+00
  0.0000000E+00
   416.3917    
   318.9491    
   319.1169    
   216.9720    
   77.13771    
   230.6151    
   205.7913    
  0.0000000E+00
  0.0000000E+00
   36.22042    
   54.25031    
   141.0282    
   165.2930    
   169.3187    
   103.9446    
   58.72551    
   279.7221    
  0.0000000E+00
  0.0000000E+00
   46.65188    
   87.82025    
   102.8298    
   156.8367    
   308.1622    
   672.1954    
   338.6686    
   82.83601    
  0.0000000E+00
   482.5392    
   52.82360    
   24.56337    
   49.92454    
   140.9382    
   193.4349    
   436.6720    
   293.4669    
   651.0453    
  0.0000000E+00
   709.0544    
   411.2979    
   149.7640    
   12.85158    
   47.80046    
   168.1204    
   287.3677    
   520.1481    
   330.4819    
  0.0000000E+00
   706.0435    
   618.9852    
   338.6671    
   344.5435    
   45.25084    
   54.10419    
   237.2134    
   266.1733    
   461.6718    
  0.0000000E+00
   468.1446    
   657.7788    
   646.7474    
   613.3447    
   528.6373    
   100.0864    
   219.1818    
   165.8615    
   93.38243    
  0.0000000E+00
   111.4998    
   459.8051    
   626.1418    
   618.1772    
   749.8569    
   444.6532    
   117.5928    
   105.8155    
  0.0000000E+00
  0.0000000E+00
  0.0000000E+00
  0.0000000E+00
   695.3441    
   689.0197    
   588.1246    
   763.2480    
  0.0000000E+00
  0.0000000E+00
  0.0000000E+00
  0.0000000E+00
  0.0000000E+00
  0.0000000E+00
  0.0000000E+00
  0.0000000E+00
  0.0000000E+00
  0.0000000E+00
  0.0000000E+00
  0.0000000E+00
  0.0000000E+00
  0.0000000E+00
  0.0000000E+00
  0.0000000E+00
  0.0000000E+00
  0.0000000E+00
  0.0000000E+00
  0.0000000E+00
   36.69361    
   30.29860    
   59.67848    
  0.0000000E+00
  0.0000000E+00
  0.0000000E+00
  0.0000000E+00
  0.0000000E+00
   167.6330    
   398.2496    
   446.1503    
   201.0927    
   160.6499    
  0.0000000E+00
  0.0000000E+00
  0.0000000E+00
  0.0000000E+00
   38.16324    
   81.81875    
   457.2005    
   504.4973    
   380.5931    
   126.3902    
  0.0000000E+00
  0.0000000E+00
  0.0000000E+00
   2.425243    
   13.22664    
   26.08261    
   341.8469    
   619.6986    
   413.5863    
   247.0334    
  0.0000000E+00
  0.0000000E+00
  0.0000000E+00
   4.051311    
   5.092848    
   68.16959    
   298.1436    
   239.9249    
   147.3648    
   203.8552    
  0.0000000E+00
  0.0000000E+00
   1.801018    
   2.503338    
   82.58734    
   138.4959    
   184.5314    
   38.47979    
   55.29092    
   50.70123    
  0.0000000E+00
  0.0000000E+00
   8.702290    
   20.56918    
   310.4027    
   129.2391    
   28.04323    
   29.05074    
   41.31065    
   43.53091    
  0.0000000E+00
   31.77680    
   17.52627    
   95.44144    
   253.7968    
   177.2570    
   22.03056    
   60.48177    
   58.35748    
   128.3279    
  0.0000000E+00
   16.54457    
   32.32016    
   136.6508    
   353.0454    
   251.9271    
   20.87322    
   39.22039    
   122.3517    
   426.9918    
  0.0000000E+00
   10.54374    
   14.63145    
   344.9999    
   486.0632    
   155.2923    
   41.12108    
   95.62988    
   388.1327    
   352.3793    
  0.0000000E+00
   5.830803    
   10.45693    
   93.34575    
   246.6629    
   156.0170    
   134.0824    
   317.0259    
   389.0966    
   345.0768    
  0.0000000E+00
   2.115683    
   5.641789    
   57.34936    
   87.74818    
   131.8948    
   221.5202    
   306.6589    
   139.4599    
  0.0000000E+00
  0.0000000E+00
  0.0000000E+00
  0.0000000E+00
   21.00753    
   26.66336    
   26.66782    
   103.9723    
  0.0000000E+00
  0.0000000E+00
  0.0000000E+00
  0.0000000E+00
  0.0000000E+00
  0.0000000E+00
  0.0000000E+00
  0.0000000E+00
  0.0000000E+00
  0.0000000E+00
  0.0000000E+00
  0.0000000E+00
  0.0000000E+00
  0.0000000E+00
  0.0000000E+00
  0.0000000E+00
  0.0000000E+00
  0.0000000E+00
  0.0000000E+00
  0.0000000E+00
   6.712408    
   42.16544    
   297.7957    
  0.0000000E+00
  0.0000000E+00
  0.0000000E+00
  0.0000000E+00
  0.0000000E+00
   198.4572    
   20.51814    
   4.721758    
   17.20837    
   62.11596    
  0.0000000E+00
  0.0000000E+00
  0.0000000E+00
  0.0000000E+00
   736.4700    
   699.4047    
   366.8306    
   20.55668    
   34.47438    
   14.40588    
  0.0000000E+00
  0.0000000E+00
  0.0000000E+00
   670.6288    
   641.6588    
   585.1350    
   476.4946    
   170.8144    
   80.00449    
   399.5384    
  0.0000000E+00
  0.0000000E+00
  0.0000000E+00
   614.7139    
   769.0917    
   765.3656    
   536.8645    
   731.8583    
   212.4091    
   154.5514    
  0.0000000E+00
  0.0000000E+00
   621.9564    
   385.2830    
   257.9725    
   176.3719    
   621.4387    
   615.9316    
   692.0900    
   771.7020    
  0.0000000E+00
  0.0000000E+00
   596.1726    
   582.4028    
   573.0865    
   162.9508    
   261.0641    
   737.3975    
   553.7073    
   643.4742    
  0.0000000E+00
   610.2926    
   616.8894    
   661.7142    
   721.6572    
   444.0980    
   177.7305    
   95.75282    
   319.9788    
   411.4352    
  0.0000000E+00
   323.0079    
   507.3949    
   448.5847    
   631.1433    
   682.2776    
   450.8020    
   334.2079    
   102.2343    
   358.3306    
  0.0000000E+00
   22.81170    
   39.70716    
   59.75723    
   592.3026    
   762.5828    
   740.4285    
   782.0284    
   757.3452    
   223.5197    
  0.0000000E+00
   97.20007    
   31.40865    
   19.39059    
   165.8453    
   347.3034    
   757.0504    
   596.7375    
   673.2224    
   783.6632    
  0.0000000E+00
   148.2657    
   124.5977    
   166.5522    
   111.5423    
   162.5154    
   447.9073    
   470.9945    
   763.9043    
  0.0000000E+00
  0.0000000E+00
  0.0000000E+00
  0.0000000E+00
   349.8300    
   407.9736    
   443.2073    
   534.0447    
  0.0000000E+00
  0.0000000E+00
  0.0000000E+00
