  0.0000000E+00
  0.0000000E+00
  0.0000000E+00
  0.0000000E+00
  0.0000000E+00
  0.0000000E+00
  0.0000000E+00
   504.9309    
   6.707084    
   291.1071    
  0.0000000E+00
  0.0000000E+00
  0.0000000E+00
  0.0000000E+00
  0.0000000E+00
   288.4136    
   991.9714    
   775.1542    
   609.9212    
   404.5005    
  0.0000000E+00
  0.0000000E+00
  0.0000000E+00
  0.0000000E+00
   769.8525    
   943.5287    
   327.2253    
   484.2629    
   582.5054    
   912.6691    
  0.0000000E+00
  0.0000000E+00
  0.0000000E+00
   763.8621    
   850.3305    
   973.3191    
   690.0355    
   768.8329    
   514.6240    
   366.3524    
  0.0000000E+00
  0.0000000E+00
   273.9855    
   282.0253    
   34.80257    
   761.8975    
   876.5298    
   468.4819    
   813.7832    
   341.2653    
  0.0000000E+00
  0.0000000E+00
   391.0437    
   477.4610    
   600.1260    
   80.10129    
   560.3755    
   775.1325    
   452.4034    
   615.2122    
  0.0000000E+00
  0.0000000E+00
   650.6448    
   154.6462    
   900.4435    
   415.7719    
   170.3754    
   265.7239    
   991.6984    
   646.4149    
  0.0000000E+00
   387.3681    
   454.1581    
   546.2662    
  0.9417228    
   342.9095    
   208.1945    
   834.0533    
   588.4982    
   729.7785    
  0.0000000E+00
   501.7173    
   729.0557    
   132.6762    
   164.7716    
   600.1779    
   533.2428    
   760.4963    
   362.3742    
   549.7189    
  0.0000000E+00
   666.1558    
   164.6282    
   886.4174    
   564.2996    
   592.9312    
   495.5831    
   576.9636    
   791.9431    
   445.7763    
  0.0000000E+00
   575.9589    
   233.3639    
   651.2517    
   564.3682    
   270.3230    
   222.9122    
   220.5320    
   903.9874    
   863.4404    
   598.0988    
   315.7437    
   403.1882    
   786.3824    
   686.6277    
   816.2545    
   511.5514    
   531.8629    
   158.1225    
   22.38019    
   61.90615    
   359.4299    
   663.5829    
   581.8023    
   988.2825    
   953.3243    
   196.0536    
   627.3134    
   144.7822    
  0.0000000E+00
  0.0000000E+00
   114.5131    
   960.7682    
   488.9797    
   653.8242    
   506.1282    
   638.2952    
  0.0000000E+00
  0.0000000E+00
  0.0000000E+00
  0.0000000E+00
  0.0000000E+00
  0.0000000E+00
  0.0000000E+00
  0.0000000E+00
  0.0000000E+00
  0.0000000E+00
   51.50248    
   909.1870    
   440.8318    
  0.0000000E+00
  0.0000000E+00
  0.0000000E+00
  0.0000000E+00
  0.0000000E+00
   539.0894    
   783.7572    
   584.3916    
   742.3983    
   962.7490    
  0.0000000E+00
  0.0000000E+00
  0.0000000E+00
  0.0000000E+00
   264.0871    
   150.2458    
   737.2546    
   924.6169    
   900.3518    
   937.0284    
  0.0000000E+00
  0.0000000E+00
  0.0000000E+00
   805.0918    
   520.8525    
   403.0784    
   261.0867    
   410.0896    
   882.5956    
   940.4227    
  0.0000000E+00
  0.0000000E+00
   517.3732    
   549.4445    
   393.8331    
   243.8894    
   475.0085    
   220.1192    
   302.2225    
   182.1756    
  0.0000000E+00
  0.0000000E+00
   912.0719    
   599.9349    
   252.8359    
   912.7523    
   916.2476    
   822.4422    
   409.9664    
   83.87120    
  0.0000000E+00
  0.0000000E+00
   954.2567    
   668.5814    
   792.9595    
   606.8388    
   616.8871    
   882.1473    
   12.62887    
   265.1457    
  0.0000000E+00
   902.4404    
   80.53883    
   19.22269    
   431.1964    
   121.8278    
   943.6374    
   394.1788    
   472.4875    
   585.1609    
  0.0000000E+00
   429.7549    
   736.6863    
   691.8472    
   810.6899    
   893.1913    
   623.8108    
   658.2203    
   699.6616    
   125.7924    
  0.0000000E+00
   444.1729    
   902.6415    
   34.87616    
   853.4787    
   336.1482    
   168.0899    
   430.7025    
   947.0118    
   782.7913    
  0.0000000E+00
   144.7829    
   390.6223    
   298.0820    
   194.5807    
   849.9041    
   777.3422    
   383.5808    
   755.9517    
   192.7486    
   584.2722    
   945.9590    
   113.4656    
   280.4311    
   513.4016    
   347.5583    
   262.5159    
   910.6173    
   129.6181    
   363.5068    
   416.0860    
   962.0271    
   477.6334    
   181.5390    
   695.4354    
   427.5640    
   905.0259    
   83.12554    
   223.3733    
  0.0000000E+00
  0.0000000E+00
   869.5404    
   396.5600    
   181.1067    
   239.8820    
   317.0723    
   433.6999    
  0.0000000E+00
  0.0000000E+00
  0.0000000E+00
  0.0000000E+00
  0.0000000E+00
  0.0000000E+00
  0.0000000E+00
  0.0000000E+00
  0.0000000E+00
  0.0000000E+00
  0.0000000E+00
  0.0000000E+00
  0.0000000E+00
  0.0000000E+00
  0.0000000E+00
  0.0000000E+00
  0.0000000E+00
  0.0000000E+00
  0.0000000E+00
  0.0000000E+00
   943.9261    
   970.3077    
   433.4934    
  0.0000000E+00
  0.0000000E+00
  0.0000000E+00
  0.0000000E+00
  0.0000000E+00
   324.1422    
   771.1927    
   195.4981    
   767.3665    
   668.2291    
  0.0000000E+00
  0.0000000E+00
  0.0000000E+00
  0.0000000E+00
   158.4453    
   988.0334    
   744.6658    
   2.474183    
   728.1277    
   60.52822    
  0.0000000E+00
  0.0000000E+00
  0.0000000E+00
   869.7715    
   400.7861    
   517.1370    
   194.5329    
   885.4942    
   508.7474    
   596.9181    
  0.0000000E+00
  0.0000000E+00
  0.0000000E+00
   995.7596    
   832.3035    
   842.4656    
   371.2477    
   528.6653    
   800.5028    
   41.70823    
  0.0000000E+00
  0.0000000E+00
   76.76072    
   953.3546    
   331.5366    
   881.5760    
   947.7635    
   845.5390    
   542.5896    
   331.0475    
  0.0000000E+00
  0.0000000E+00
   132.9918    
   362.8074    
   287.4048    
   137.9340    
   242.2820    
   575.2603    
   866.7372    
   657.6545    
  0.0000000E+00
   928.0033    
   943.9089    
   572.6072    
   888.5720    
   809.8878    
   161.9501    
   952.2705    
   332.9470    
   462.5549    
  0.0000000E+00
   199.1479    
   464.7013    
   314.9142    
   646.4241    
   232.8074    
   280.5043    
   986.0052    
   867.0992    
   574.3569    
  0.0000000E+00
   565.5773    
   584.4651    
   958.2267    
   332.0534    
   605.9865    
   114.4944    
   919.2339    
   95.89204    
   157.9744    
  0.0000000E+00
   209.1924    
   854.1852    
   729.9355    
   626.9600    
   275.0725    
   526.3668    
   181.2608    
   594.2734    
   183.8108    
  0.0000000E+00
   919.6777    
   678.5259    
   864.2884    
   59.54792    
   479.7707    
   357.9910    
   966.4592    
   467.0772    
  0.0000000E+00
  0.0000000E+00
  0.0000000E+00
  0.0000000E+00
   468.0298    
   490.6350    
   843.7870    
   465.2173    
  0.0000000E+00
  0.0000000E+00
  0.0000000E+00
  0.0000000E+00
  0.0000000E+00
  0.0000000E+00
  0.0000000E+00
  0.0000000E+00
  0.0000000E+00
  0.0000000E+00
  0.0000000E+00
  0.0000000E+00
  0.0000000E+00
  0.0000000E+00
  0.0000000E+00
  0.0000000E+00
  0.0000000E+00
  0.0000000E+00
  0.0000000E+00
  0.0000000E+00
   298.8584    
   572.2444    
   102.1339    
  0.0000000E+00
  0.0000000E+00
  0.0000000E+00
  0.0000000E+00
  0.0000000E+00
   299.7054    
   815.0649    
   465.3550    
   923.7288    
   640.7048    
  0.0000000E+00
  0.0000000E+00
  0.0000000E+00
  0.0000000E+00
   235.2029    
   500.0084    
   530.4702    
   486.1413    
   514.3434    
   278.9807    
  0.0000000E+00
  0.0000000E+00
  0.0000000E+00
   471.0741    
   341.5110    
   240.7434    
   275.5957    
   325.3665    
   795.5209    
   242.0524    
  0.0000000E+00
  0.0000000E+00
  0.0000000E+00
   455.0795    
   264.9584    
   202.7073    
   478.9843    
   667.7648    
   268.7052    
   889.1128    
  0.0000000E+00
  0.0000000E+00
   120.2926    
   387.2168    
   121.8730    
   388.9532    
   616.0651    
   628.4413    
   69.10209    
   117.9014    
  0.0000000E+00
  0.0000000E+00
   568.0916    
   147.5928    
   991.0179    
   29.14858    
   883.4323    
   114.6507    
   928.5082    
   461.1648    
  0.0000000E+00
   510.6169    
   606.0087    
   619.9072    
   238.6423    
   922.1659    
   467.8942    
   453.8817    
   202.1439    
   972.4012    
  0.0000000E+00
   388.7837    
   799.9810    
   968.8740    
   250.4575    
   50.03191    
   645.8474    
   795.1662    
   496.5813    
   367.9297    
  0.0000000E+00
   794.7797    
   585.2454    
   491.0333    
   942.9489    
   889.5638    
   979.0773    
   174.3311    
   299.0850    
   427.3457    
  0.0000000E+00
   597.1655    
   185.5799    
   635.4609    
   839.7605    
   414.8406    
   227.9756    
   581.1976    
   462.6102    
   522.5412    
  0.0000000E+00
   54.84814    
   231.8522    
   851.5076    
   50.30749    
   539.9135    
   372.0636    
   412.3519    
   386.1437    
  0.0000000E+00
  0.0000000E+00
  0.0000000E+00
  0.0000000E+00
   672.8021    
   596.0724    
   739.1425    
   221.4735    
  0.0000000E+00
  0.0000000E+00
  0.0000000E+00
  0.0000000E+00
  0.0000000E+00
  0.0000000E+00
  0.0000000E+00
  0.0000000E+00
  0.0000000E+00
  0.0000000E+00
  0.0000000E+00
  0.0000000E+00
  0.0000000E+00
  0.0000000E+00
  0.0000000E+00
  0.0000000E+00
  0.0000000E+00
  0.0000000E+00
  0.0000000E+00
  0.0000000E+00
   923.7614    
   132.8785    
   566.4066    
  0.0000000E+00
  0.0000000E+00
  0.0000000E+00
  0.0000000E+00
  0.0000000E+00
   277.7243    
   650.8599    
   421.0705    
   107.3312    
   332.6549    
  0.0000000E+00
  0.0000000E+00
  0.0000000E+00
  0.0000000E+00
   209.4477    
   41.29402    
   173.5325    
   628.1095    
   428.6959    
   511.8496    
  0.0000000E+00
  0.0000000E+00
  0.0000000E+00
   909.2568    
   366.7265    
   494.4801    
   45.37101    
   461.6795    
   406.1987    
   460.3372    
  0.0000000E+00
  0.0000000E+00
  0.0000000E+00
   535.7411    
   69.50677    
   548.4297    
   194.1261    
   454.9530    
   269.6785    
   790.3640    
  0.0000000E+00
  0.0000000E+00
   112.7215    
   430.3324    
   237.8368    
   541.5568    
   912.6029    
   829.7080    
   585.7992    
   859.0031    
  0.0000000E+00
  0.0000000E+00
   492.6575    
   718.5567    
   444.3789    
   139.1370    
   456.9873    
   362.6463    
   142.8089    
   985.5386    
  0.0000000E+00
   364.3909    
   645.3362    
   913.4120    
   622.2363    
   951.9537    
   256.3903    
   366.5105    
   37.53761    
   351.2743    
  0.0000000E+00
   468.3040    
   978.3182    
   246.8282    
   7.695157    
   18.50521    
   664.0979    
   361.4220    
   469.1342    
   77.95712    
  0.0000000E+00
   209.9340    
   345.3315    
   416.8227    
   508.3634    
   58.83979    
   364.8392    
   532.2144    
   196.2441    
   388.3100    
  0.0000000E+00
   816.3049    
   622.3127    
   817.1468    
   605.5621    
   882.1368    
   978.9298    
   559.9433    
   211.8988    
   600.7605    
  0.0000000E+00
   78.60166    
   824.2122    
   501.2582    
   991.2063    
   590.8355    
   725.2695    
   445.5208    
   63.54444    
  0.0000000E+00
  0.0000000E+00
  0.0000000E+00
  0.0000000E+00
   151.6933    
   379.2118    
   769.6689    
   33.97997    
  0.0000000E+00
  0.0000000E+00
  0.0000000E+00
