  0.0000000E+00
  0.0000000E+00
  0.0000000E+00
  0.0000000E+00
  0.0000000E+00
  0.0000000E+00
  0.0000000E+00
   554.9169    
   59.46875    
   14.74921    
  0.0000000E+00
  0.0000000E+00
  0.0000000E+00
  0.0000000E+00
  0.0000000E+00
   7.844726    
   330.6110    
   626.4850    
   502.4274    
   31.34532    
  0.0000000E+00
  0.0000000E+00
  0.0000000E+00
  0.0000000E+00
   166.1265    
   20.83572    
   261.3757    
   494.6677    
   520.8948    
   42.72819    
  0.0000000E+00
  0.0000000E+00
  0.0000000E+00
   590.0073    
   618.1042    
   34.91677    
   24.70749    
   285.9299    
   563.9335    
   362.0803    
  0.0000000E+00
  0.0000000E+00
   695.9999    
   689.7465    
   559.4690    
   232.4068    
   15.92640    
   119.3343    
   632.6268    
   521.9165    
  0.0000000E+00
  0.0000000E+00
   711.5949    
   697.4033    
   606.9213    
   334.0373    
   88.55240    
   29.77096    
   576.8787    
   747.1409    
  0.0000000E+00
  0.0000000E+00
   612.6042    
   714.0075    
   609.4534    
   501.1378    
   313.4891    
   26.67271    
   498.5212    
   377.2361    
  0.0000000E+00
   7.580253    
   101.2395    
   234.9121    
   552.8035    
   700.1756    
   276.6917    
   30.82240    
   79.39666    
   629.0788    
  0.0000000E+00
   4.608243    
   12.64526    
   78.40398    
   243.7748    
   435.8990    
   710.4720    
   326.5224    
   48.47860    
   278.3139    
  0.0000000E+00
   8.336280    
   9.223296    
   4.424672    
   43.67944    
   137.7887    
   581.1061    
   633.6093    
   281.9438    
   189.1059    
  0.0000000E+00
   3.738470    
   16.70455    
   13.99646    
   13.09868    
   30.04402    
   404.3112    
   625.0199    
   774.8440    
   371.5130    
   5.645565    
   3.453278    
   9.667358    
   95.44588    
   14.83336    
   19.02731    
   44.99730    
   750.6039    
   633.8260    
   490.1605    
   43.69386    
   4.906030    
   8.110804    
   167.6243    
   201.8464    
   19.43710    
   72.36510    
   640.6841    
   617.1844    
  0.0000000E+00
  0.0000000E+00
   53.77242    
   12.72201    
   8.591073    
   272.6004    
   34.67542    
   47.27335    
  0.0000000E+00
  0.0000000E+00
  0.0000000E+00
  0.0000000E+00
  0.0000000E+00
  0.0000000E+00
  0.0000000E+00
  0.0000000E+00
  0.0000000E+00
  0.0000000E+00
   17.98703    
   44.12281    
   74.69958    
  0.0000000E+00
  0.0000000E+00
  0.0000000E+00
  0.0000000E+00
  0.0000000E+00
   111.8047    
   83.71034    
   27.01667    
   14.50770    
   21.08212    
  0.0000000E+00
  0.0000000E+00
  0.0000000E+00
  0.0000000E+00
   152.3173    
   217.2103    
   111.4565    
   101.7628    
   15.61833    
   6.422699    
  0.0000000E+00
  0.0000000E+00
  0.0000000E+00
   150.5913    
   189.3337    
   179.4121    
   181.0899    
   86.13496    
   19.95088    
   3.191205    
  0.0000000E+00
  0.0000000E+00
   52.52799    
   118.8785    
   99.18221    
   101.5635    
   41.20734    
   60.99420    
   18.38684    
   3.619493    
  0.0000000E+00
  0.0000000E+00
   14.85537    
   26.87080    
   11.28311    
   33.11862    
   36.14090    
   70.49883    
   24.45552    
   3.700642    
  0.0000000E+00
  0.0000000E+00
   13.84192    
   3.430397    
   8.065651    
   6.056211    
   10.58977    
   81.50064    
   23.69482    
   12.43785    
  0.0000000E+00
   34.36273    
   14.05775    
   6.775357    
   7.355359    
   16.76004    
  0.8998389    
   14.94413    
   25.07903    
   13.29104    
  0.0000000E+00
   17.69471    
   14.65173    
   25.59889    
   15.86903    
   13.69201    
   7.070664    
   10.82363    
   6.299616    
   8.475232    
  0.0000000E+00
   5.541736    
   12.15335    
   32.94349    
   19.32707    
   3.508489    
   3.279734    
   11.58126    
   6.505388    
   31.27786    
  0.0000000E+00
   55.05930    
   26.70620    
   98.16000    
   71.80270    
   12.87420    
   8.253767    
   59.03826    
   34.85970    
   12.30461    
   30.08060    
   18.41635    
   28.21786    
   141.2900    
   108.6749    
   25.58073    
   13.55876    
   17.51130    
   20.66446    
   4.764842    
   13.31163    
   3.376714    
   2.592128    
   20.23318    
   35.83157    
   30.39587    
   52.85080    
   51.16329    
   25.36350    
  0.0000000E+00
  0.0000000E+00
   5.724216    
   18.44979    
   92.58460    
   26.36307    
   54.66867    
   87.76345    
  0.0000000E+00
  0.0000000E+00
  0.0000000E+00
  0.0000000E+00
  0.0000000E+00
  0.0000000E+00
  0.0000000E+00
  0.0000000E+00
  0.0000000E+00
  0.0000000E+00
  0.0000000E+00
  0.0000000E+00
  0.0000000E+00
  0.0000000E+00
  0.0000000E+00
  0.0000000E+00
  0.0000000E+00
  0.0000000E+00
  0.0000000E+00
  0.0000000E+00
   654.6118    
   736.9561    
   470.7726    
  0.0000000E+00
  0.0000000E+00
  0.0000000E+00
  0.0000000E+00
  0.0000000E+00
   402.6353    
   617.6126    
   718.7443    
   680.0778    
   335.5974    
  0.0000000E+00
  0.0000000E+00
  0.0000000E+00
  0.0000000E+00
   608.6898    
   286.2732    
   141.2192    
   307.9998    
   609.3911    
   646.9302    
  0.0000000E+00
  0.0000000E+00
  0.0000000E+00
   399.3224    
   170.5432    
   405.5676    
   318.1740    
   142.3396    
   261.2555    
   452.3238    
  0.0000000E+00
  0.0000000E+00
  0.0000000E+00
   363.7853    
   428.7970    
   373.9022    
   194.5750    
   77.47453    
   230.7284    
   230.0617    
  0.0000000E+00
  0.0000000E+00
   43.26664    
   73.91685    
   129.8803    
   201.3376    
   195.1891    
   111.0913    
   59.36968    
   296.1133    
  0.0000000E+00
  0.0000000E+00
   36.88844    
   81.27463    
   125.6568    
   145.8984    
   313.2214    
   531.9628    
   476.4641    
   61.83567    
  0.0000000E+00
   398.5988    
   55.17948    
   31.10219    
   50.13246    
   170.1281    
   154.9001    
   425.6560    
   369.5194    
   550.3600    
  0.0000000E+00
   589.5767    
   547.1514    
   103.8485    
   13.62135    
   41.11979    
   168.1149    
   402.7710    
   736.5726    
   303.6000    
  0.0000000E+00
   759.0524    
   770.4874    
   429.6790    
   345.8321    
   41.46677    
   39.95629    
   244.1734    
   266.0397    
   524.3038    
  0.0000000E+00
   545.8842    
   642.3292    
   722.9830    
   592.4876    
   526.2111    
   96.51201    
   216.5285    
   167.6648    
   80.81937    
  0.0000000E+00
   103.9367    
   520.6066    
   620.4180    
   723.6327    
   627.2696    
   508.1512    
   114.6264    
   110.9516    
  0.0000000E+00
  0.0000000E+00
  0.0000000E+00
  0.0000000E+00
   627.6091    
   675.9162    
   591.4716    
   802.3105    
  0.0000000E+00
  0.0000000E+00
  0.0000000E+00
  0.0000000E+00
  0.0000000E+00
  0.0000000E+00
  0.0000000E+00
  0.0000000E+00
  0.0000000E+00
  0.0000000E+00
  0.0000000E+00
  0.0000000E+00
  0.0000000E+00
  0.0000000E+00
  0.0000000E+00
  0.0000000E+00
  0.0000000E+00
  0.0000000E+00
  0.0000000E+00
  0.0000000E+00
   49.01616    
   35.74216    
   66.07153    
  0.0000000E+00
  0.0000000E+00
  0.0000000E+00
  0.0000000E+00
  0.0000000E+00
   154.2775    
   356.7363    
   363.9549    
   155.6503    
   179.8241    
  0.0000000E+00
  0.0000000E+00
  0.0000000E+00
  0.0000000E+00
   38.58157    
   82.29565    
   357.8375    
   437.9755    
   535.2283    
   158.8501    
  0.0000000E+00
  0.0000000E+00
  0.0000000E+00
   2.126809    
   16.42818    
   23.57852    
   322.7401    
   581.2725    
   453.0044    
   230.4704    
  0.0000000E+00
  0.0000000E+00
  0.0000000E+00
   4.308985    
   4.128510    
   78.80425    
   259.6294    
   241.5257    
   147.5270    
   271.5676    
  0.0000000E+00
  0.0000000E+00
   1.514096    
   3.277725    
   117.8082    
   144.1975    
   177.4083    
   27.87309    
   55.40967    
   42.68443    
  0.0000000E+00
  0.0000000E+00
   8.393330    
   24.39069    
   244.9336    
   116.8357    
   25.81888    
   23.84977    
   42.78466    
   55.94019    
  0.0000000E+00
   31.22293    
   16.46213    
   109.2677    
   251.7919    
   256.0097    
   23.65927    
   54.38115    
   63.04924    
   176.9797    
  0.0000000E+00
   21.10006    
   32.33600    
   143.1387    
   284.6657    
   234.9247    
   18.70092    
   45.66547    
   129.7433    
   500.7292    
  0.0000000E+00
   15.29523    
   16.20121    
   312.3791    
   480.7336    
   154.1276    
   43.18745    
   108.0273    
   389.1798    
   415.7730    
  0.0000000E+00
   5.246370    
   8.248017    
   91.24046    
   256.8003    
   157.0802    
   154.3445    
   438.3238    
   428.1557    
   234.3062    
  0.0000000E+00
   2.118024    
   6.697246    
   55.46081    
   100.5465    
   148.4898    
   220.1566    
   364.0557    
   153.7489    
  0.0000000E+00
  0.0000000E+00
  0.0000000E+00
  0.0000000E+00
   22.75206    
   24.77460    
   31.66210    
   126.6719    
  0.0000000E+00
  0.0000000E+00
  0.0000000E+00
  0.0000000E+00
  0.0000000E+00
  0.0000000E+00
  0.0000000E+00
  0.0000000E+00
  0.0000000E+00
  0.0000000E+00
  0.0000000E+00
  0.0000000E+00
  0.0000000E+00
  0.0000000E+00
  0.0000000E+00
  0.0000000E+00
  0.0000000E+00
  0.0000000E+00
  0.0000000E+00
  0.0000000E+00
   7.848082    
   41.42403    
   388.3237    
  0.0000000E+00
  0.0000000E+00
  0.0000000E+00
  0.0000000E+00
  0.0000000E+00
   221.8335    
   17.00179    
   6.378184    
   16.30518    
   61.29395    
  0.0000000E+00
  0.0000000E+00
  0.0000000E+00
  0.0000000E+00
   610.5417    
   680.0606    
   273.9382    
   23.50468    
   32.44539    
   20.21770    
  0.0000000E+00
  0.0000000E+00
  0.0000000E+00
   607.4582    
   742.8203    
   585.5989    
   427.3606    
   158.8314    
   67.21014    
   368.0801    
  0.0000000E+00
  0.0000000E+00
  0.0000000E+00
   697.7372    
   606.3193    
   655.4895    
   562.1886    
   739.1252    
   173.0023    
   190.8430    
  0.0000000E+00
  0.0000000E+00
   536.5499    
   430.1806    
   196.2383    
   236.4186    
   579.7969    
   646.1568    
   639.5516    
   581.7630    
  0.0000000E+00
  0.0000000E+00
   562.7607    
   596.2524    
   683.8101    
   207.0176    
   380.8010    
   681.2999    
   553.7361    
   752.5957    
  0.0000000E+00
   718.9922    
   634.1111    
   637.0085    
   717.6018    
   542.5211    
   142.0897    
   110.8486    
   367.9167    
   347.5779    
  0.0000000E+00
   363.2014    
   520.6231    
   519.3548    
   769.2625    
   691.8949    
   498.8007    
   350.5225    
   94.24604    
   327.8370    
  0.0000000E+00
   23.51196    
   36.48322    
   57.98742    
   598.8563    
   748.8048    
   654.0186    
   723.8238    
   743.3473    
   273.2718    
  0.0000000E+00
   132.4713    
   38.17169    
   22.49209    
   182.4095    
   451.6228    
   734.5443    
   748.5964    
   686.0506    
   702.6634    
  0.0000000E+00
   190.5108    
   163.5393    
   170.1736    
   105.4353    
   179.4270    
   510.6836    
   415.2257    
   700.4763    
  0.0000000E+00
  0.0000000E+00
  0.0000000E+00
  0.0000000E+00
   379.8464    
   380.5640    
   388.3951    
   627.8660    
  0.0000000E+00
  0.0000000E+00
  0.0000000E+00
