  0.0000000E+00
  0.0000000E+00
  0.0000000E+00
  0.0000000E+00
  0.0000000E+00
  0.0000000E+00
  0.0000000E+00
   710.0699    
   66.94771    
   19.61722    
  0.0000000E+00
  0.0000000E+00
  0.0000000E+00
  0.0000000E+00
  0.0000000E+00
   8.217146    
   404.7448    
   627.5446    
   575.6709    
   32.69738    
  0.0000000E+00
  0.0000000E+00
  0.0000000E+00
  0.0000000E+00
   203.3434    
   15.77514    
   302.6824    
   645.9463    
   614.4847    
   60.06342    
  0.0000000E+00
  0.0000000E+00
  0.0000000E+00
   744.1385    
   470.9973    
   37.22640    
   32.32912    
   312.3878    
   630.4053    
   367.9088    
  0.0000000E+00
  0.0000000E+00
   533.5204    
   757.4758    
   754.2404    
   224.3105    
   22.58974    
   136.6179    
   720.6797    
   520.9588    
  0.0000000E+00
  0.0000000E+00
   623.1122    
   766.2216    
   779.9407    
   297.6107    
   72.78366    
   29.42324    
   582.1833    
   754.2136    
  0.0000000E+00
  0.0000000E+00
   649.5765    
   741.7850    
   797.0704    
   380.0052    
   295.8881    
   20.31852    
   495.8922    
   481.4886    
  0.0000000E+00
   10.92289    
   86.35525    
   299.9088    
   718.9585    
   554.6901    
   286.4428    
   32.00845    
   93.25278    
   624.9205    
  0.0000000E+00
   5.180904    
   13.89360    
   81.56682    
   245.1268    
   535.9799    
   586.6632    
   402.9867    
   46.65088    
   293.3266    
  0.0000000E+00
   8.802450    
   8.072294    
   5.441594    
   58.44424    
   114.8633    
   654.4629    
   750.4065    
   307.8893    
   256.1584    
  0.0000000E+00
   3.003578    
   17.40193    
   17.34714    
   13.10188    
   28.78473    
   524.6243    
   649.7922    
   774.4844    
   371.6253    
   4.869428    
   4.700159    
   8.140597    
   95.27773    
   14.88486    
   18.92480    
   63.20792    
   619.7200    
   725.0798    
   519.7999    
   32.32147    
   4.555033    
   7.970403    
   210.7008    
   147.6362    
   19.46667    
   80.56362    
   741.5397    
   497.9164    
  0.0000000E+00
  0.0000000E+00
   56.78442    
   15.05447    
   7.586516    
   279.9651    
   29.58616    
   43.32465    
  0.0000000E+00
  0.0000000E+00
  0.0000000E+00
  0.0000000E+00
  0.0000000E+00
  0.0000000E+00
  0.0000000E+00
  0.0000000E+00
  0.0000000E+00
  0.0000000E+00
   25.41418    
   51.21568    
   81.21546    
  0.0000000E+00
  0.0000000E+00
  0.0000000E+00
  0.0000000E+00
  0.0000000E+00
   129.5488    
   60.85668    
   35.82840    
   19.59953    
   17.08312    
  0.0000000E+00
  0.0000000E+00
  0.0000000E+00
  0.0000000E+00
   170.2511    
   161.0384    
   125.1327    
   101.9116    
   13.15942    
   5.559251    
  0.0000000E+00
  0.0000000E+00
  0.0000000E+00
   133.6723    
   188.4914    
   160.5189    
   163.9423    
   78.85156    
   21.84658    
   3.582362    
  0.0000000E+00
  0.0000000E+00
   55.09195    
   84.94296    
   83.45064    
   118.4655    
   53.32716    
   75.89767    
   17.00810    
   4.982262    
  0.0000000E+00
  0.0000000E+00
   11.95515    
   27.95422    
   13.25993    
   34.60801    
   41.51391    
   70.13671    
   24.35394    
   3.852178    
  0.0000000E+00
  0.0000000E+00
   14.50112    
   4.420752    
   7.018374    
   5.353413    
   9.934580    
   59.32778    
   32.95396    
   12.13208    
  0.0000000E+00
   29.54413    
   14.39377    
   5.231528    
   6.077825    
   17.50387    
  0.9297097    
   13.00424    
   21.84291    
   12.11042    
  0.0000000E+00
   18.27121    
   15.41895    
   26.31596    
   15.81143    
   18.76783    
   7.190900    
   7.953812    
   5.968452    
   9.568947    
  0.0000000E+00
   5.991377    
   15.78609    
   38.89447    
   19.34830    
   3.459484    
   4.386039    
   14.85873    
   5.484225    
   24.73859    
  0.0000000E+00
   56.66528    
   26.26621    
   96.47273    
   71.46078    
   9.547152    
   10.38887    
   51.59222    
   34.67838    
   16.54854    
   27.64385    
   20.56201    
   30.08319    
   145.3590    
   106.5718    
   25.71980    
   12.30887    
   18.04208    
   19.49266    
   5.360554    
   9.250730    
   3.660144    
   3.282671    
   17.72785    
   46.53636    
   26.54288    
   47.44944    
   68.45717    
   34.64249    
  0.0000000E+00
  0.0000000E+00
   7.210623    
   16.75826    
   74.63717    
   20.92957    
   53.09830    
   96.12669    
  0.0000000E+00
  0.0000000E+00
  0.0000000E+00
  0.0000000E+00
  0.0000000E+00
  0.0000000E+00
  0.0000000E+00
  0.0000000E+00
  0.0000000E+00
  0.0000000E+00
  0.0000000E+00
  0.0000000E+00
  0.0000000E+00
  0.0000000E+00
  0.0000000E+00
  0.0000000E+00
  0.0000000E+00
  0.0000000E+00
  0.0000000E+00
  0.0000000E+00
   599.0382    
   596.7518    
   352.1903    
  0.0000000E+00
  0.0000000E+00
  0.0000000E+00
  0.0000000E+00
  0.0000000E+00
   358.5429    
   772.9771    
   768.6429    
   623.9705    
   410.0987    
  0.0000000E+00
  0.0000000E+00
  0.0000000E+00
  0.0000000E+00
   433.1224    
   249.0724    
   169.3546    
   289.4929    
   502.0236    
   605.6230    
  0.0000000E+00
  0.0000000E+00
  0.0000000E+00
   402.6006    
   192.8651    
   428.6323    
   310.4860    
   118.4428    
   238.5677    
   401.7735    
  0.0000000E+00
  0.0000000E+00
  0.0000000E+00
   459.1638    
   352.5520    
   311.5214    
   276.9369    
   77.39886    
   232.6824    
   209.9163    
  0.0000000E+00
  0.0000000E+00
   34.09501    
   60.62781    
   130.6979    
   233.4422    
   205.5946    
   91.20508    
   52.63918    
   300.4984    
  0.0000000E+00
  0.0000000E+00
   50.14651    
   76.05909    
   124.6385    
   128.4785    
   434.7584    
   675.2554    
   334.6111    
   71.53120    
  0.0000000E+00
   457.4851    
   64.65320    
   31.41467    
   49.72271    
   133.5971    
   182.3378    
   359.7392    
   414.5636    
   712.1565    
  0.0000000E+00
   663.7247    
   451.2928    
   131.6361    
   16.78139    
   38.54248    
   166.6737    
   344.2158    
   556.5170    
   277.6786    
  0.0000000E+00
   742.0172    
   754.7076    
   373.0997    
   345.7646    
   43.57501    
   46.15774    
   264.1324    
   266.3580    
   569.4473    
  0.0000000E+00
   574.3992    
   621.0405    
   705.8877    
   636.7797    
   531.7762    
   94.74387    
   164.3783    
   147.3810    
   67.28918    
  0.0000000E+00
   144.4101    
   524.4326    
   782.6915    
   786.7821    
   764.5371    
   517.2922    
   103.4426    
   136.0639    
  0.0000000E+00
  0.0000000E+00
  0.0000000E+00
  0.0000000E+00
   760.2400    
   785.7086    
   776.4838    
   768.9647    
  0.0000000E+00
  0.0000000E+00
  0.0000000E+00
  0.0000000E+00
  0.0000000E+00
  0.0000000E+00
  0.0000000E+00
  0.0000000E+00
  0.0000000E+00
  0.0000000E+00
  0.0000000E+00
  0.0000000E+00
  0.0000000E+00
  0.0000000E+00
  0.0000000E+00
  0.0000000E+00
  0.0000000E+00
  0.0000000E+00
  0.0000000E+00
  0.0000000E+00
   37.00675    
   30.67117    
   66.11388    
  0.0000000E+00
  0.0000000E+00
  0.0000000E+00
  0.0000000E+00
  0.0000000E+00
   167.2280    
   401.6290    
   419.0927    
   173.7977    
   210.8534    
  0.0000000E+00
  0.0000000E+00
  0.0000000E+00
  0.0000000E+00
   38.18034    
   84.10796    
   354.0881    
   506.5278    
   420.5550    
   161.6367    
  0.0000000E+00
  0.0000000E+00
  0.0000000E+00
   2.166451    
   12.06722    
   33.97589    
   334.6387    
   416.2159    
   411.9644    
   190.9327    
  0.0000000E+00
  0.0000000E+00
  0.0000000E+00
   4.121285    
   3.682996    
   92.67735    
   213.5373    
   238.9135    
   147.7239    
   201.3916    
  0.0000000E+00
  0.0000000E+00
   1.528290    
   2.655851    
   99.23648    
   154.7285    
   183.8713    
   32.93732    
   56.16793    
   36.71896    
  0.0000000E+00
  0.0000000E+00
   7.687773    
   30.24703    
   231.6822    
   97.02418    
   36.10611    
   29.15343    
   54.86885    
   56.35916    
  0.0000000E+00
   30.69458    
   15.05183    
   105.3990    
   252.1141    
   250.3548    
   33.11612    
   62.23046    
   59.99612    
   140.7913    
  0.0000000E+00
   22.85553    
   25.79779    
   131.8715    
   283.9119    
   287.3192    
   18.29629    
   34.47871    
   129.5337    
   597.8550    
  0.0000000E+00
   11.30436    
   15.30145    
   326.7500    
   481.4869    
   111.6959    
   35.15710    
   89.17339    
   387.4386    
   322.2986    
  0.0000000E+00
   5.214186    
   9.435701    
   92.70933    
   203.6172    
   156.4833    
   135.6983    
   442.9419    
   550.0593    
   278.5378    
  0.0000000E+00
   2.708249    
   8.458935    
   51.34460    
   103.1294    
   162.6182    
   283.2394    
   263.1323    
   138.9676    
  0.0000000E+00
  0.0000000E+00
  0.0000000E+00
  0.0000000E+00
   22.64475    
   33.64073    
   30.82436    
   105.8505    
  0.0000000E+00
  0.0000000E+00
  0.0000000E+00
  0.0000000E+00
  0.0000000E+00
  0.0000000E+00
  0.0000000E+00
  0.0000000E+00
  0.0000000E+00
  0.0000000E+00
  0.0000000E+00
  0.0000000E+00
  0.0000000E+00
  0.0000000E+00
  0.0000000E+00
  0.0000000E+00
  0.0000000E+00
  0.0000000E+00
  0.0000000E+00
  0.0000000E+00
   7.252976    
   46.16970    
   322.2066    
  0.0000000E+00
  0.0000000E+00
  0.0000000E+00
  0.0000000E+00
  0.0000000E+00
   199.4636    
   14.70082    
   6.191647    
   16.87190    
   70.00581    
  0.0000000E+00
  0.0000000E+00
  0.0000000E+00
  0.0000000E+00
   691.0414    
   548.2540    
   356.5520    
   23.11699    
   41.71121    
   21.01548    
  0.0000000E+00
  0.0000000E+00
  0.0000000E+00
   702.1243    
   712.1827    
   704.4094    
   499.3809    
   145.0398    
   67.99460    
   335.8766    
  0.0000000E+00
  0.0000000E+00
  0.0000000E+00
   506.7379    
   770.7627    
   631.6273    
   729.1719    
   739.1587    
   228.4236    
   196.6429    
  0.0000000E+00
  0.0000000E+00
   488.5419    
   325.0897    
   271.9673    
   208.4330    
   579.0186    
   621.4799    
   792.4348    
   752.4237    
  0.0000000E+00
  0.0000000E+00
   743.4434    
   693.9661    
   623.9146    
   232.5034    
   385.7205    
   560.3163    
   682.2275    
   569.2094    
  0.0000000E+00
   634.1650    
   734.5356    
   729.5596    
   719.3363    
   423.7796    
   126.7780    
   111.2758    
   341.2514    
   426.2995    
  0.0000000E+00
   365.9153    
   596.4641    
   583.2076    
   789.2302    
   683.3585    
   558.7468    
   257.4923    
   121.0626    
   326.0324    
  0.0000000E+00
   18.80302    
   43.20265    
   57.56306    
   597.1050    
   643.0208    
   593.1495    
   598.3550    
   611.8868    
   219.5391    
  0.0000000E+00
   142.4682    
   38.92954    
   25.43015    
   189.2464    
   453.0165    
   724.9407    
   616.0309    
   764.1117    
   768.6412    
  0.0000000E+00
   148.4478    
   135.2462    
   199.3512    
   113.2392    
   139.9523    
   525.3511    
   442.6148    
   622.9691    
  0.0000000E+00
  0.0000000E+00
  0.0000000E+00
  0.0000000E+00
   351.7645    
   336.5284    
   433.0749    
   613.9923    
  0.0000000E+00
  0.0000000E+00
  0.0000000E+00
