   3.120000    
   3.120000    
   3.120000    
   3.120000    
   3.120000    
   3.120000    
   3.120000    
   268.9860    
   23.84379    
   8.538295    
   3.120000    
   3.120000    
   3.120000    
   3.120000    
   3.120000    
   5.734353    
   120.7769    
   297.8207    
   169.5043    
   11.95201    
   3.120000    
   3.120000    
   3.120000    
   3.120000    
   57.93203    
   8.915475    
   85.78841    
   178.6613    
   225.9535    
   18.51797    
   3.120000    
   3.120000    
   3.120000    
   287.5300    
   170.0424    
   13.16029    
   12.59488    
   104.7207    
   225.8627    
   100.0321    
   3.120000    
   3.120000    
   205.0067    
   304.6974    
   216.7344    
   82.97926    
   9.062374    
   42.69153    
   190.1540    
   217.3654    
   3.120000    
   3.120000    
   187.4530    
   289.5475    
   261.3038    
   92.76936    
   29.43548    
   12.29950    
   182.6569    
   223.0760    
   3.120000    
   3.120000    
   196.0716    
   211.1036    
   269.0591    
   142.5224    
   101.5599    
   9.763402    
   133.2122    
   136.9875    
   3.120000    
   6.017640    
   35.17589    
   93.99365    
   220.6865    
   239.9498    
   105.0446    
   13.98890    
   30.30222    
   269.7900    
   3.120000    
   4.838854    
   6.899005    
   26.31943    
   78.87455    
   169.8390    
   261.2827    
   122.9266    
   19.49146    
   88.96306    
   3.120000    
   5.632190    
   5.627154    
   4.539361    
   18.23073    
   45.44982    
   250.4063    
   293.1872    
   89.98429    
   77.02505    
   3.120000    
   4.262525    
   8.483089    
   8.076180    
   7.164570    
   11.61028    
   146.8160    
   283.7887    
   242.2758    
   98.38393    
   4.969240    
   4.421804    
   6.088915    
   36.80125    
   7.074961    
   9.019619    
   20.89443    
   303.9547    
   217.9733    
   180.8133    
   15.44425    
   4.746299    
   5.436200    
   61.20898    
   55.11351    
   8.224460    
   25.06361    
   290.5526    
   168.0662    
   3.120000    
   3.120000    
   17.90210    
   7.280588    
   5.961457    
   101.7094    
   14.11311    
   16.12565    
   3.120000    
   3.120000    
   3.120000    
   3.120000    
   3.120000    
   3.120000    
   3.120000    
   3.120000    
   3.120000    
   3.120000    
   9.879882    
   19.19743    
   25.03690    
   3.120000    
   3.120000    
   3.120000    
   3.120000    
   3.120000    
   37.74247    
   25.72254    
   12.70175    
   8.600499    
   8.932723    
   3.120000    
   3.120000    
   3.120000    
   3.120000    
   58.02546    
   60.46088    
   42.16735    
   29.95038    
   7.810663    
   4.791856    
   3.120000    
   3.120000    
   3.120000    
   48.90784    
   54.41626    
   59.98993    
   51.59132    
   33.38910    
   8.877794    
   4.057181    
   3.120000    
   3.120000    
   19.77469    
   36.25286    
   34.65683    
   41.24117    
   16.92211    
   24.64192    
   8.282638    
   4.356919    
   3.120000    
   3.120000    
   7.705610    
   12.07384    
   6.755850    
   14.81593    
   14.53990    
   24.84711    
   10.65042    
   4.137782    
   3.120000    
   3.120000    
   6.909102    
   4.326482    
   5.379508    
   5.129042    
   6.168128    
   25.32831    
   12.46899    
   7.129791    
   3.120000    
   14.17891    
   7.254030    
   5.097700    
   5.116876    
   7.837850    
   3.417853    
   7.669402    
   10.58848    
   7.520069    
   3.120000    
   7.987831    
   7.866525    
   10.47697    
   7.916708    
   8.047155    
   5.131105    
   6.248808    
   5.232679    
   5.738207    
   3.120000    
   4.779302    
   7.682310    
   15.28822    
   9.912987    
   4.454440    
   4.252755    
   7.061675    
   4.955863    
   11.22383    
   3.120000    
   19.06746    
   10.63829    
   29.12216    
   25.25349    
   6.476388    
   5.886034    
   21.67706    
   13.92691    
   7.650427    
   13.22114    
   10.10310    
   12.31951    
   42.03814    
   30.15360    
   11.08426    
   6.959375    
   8.026935    
   9.905363    
   4.709130    
   6.718210    
   4.463658    
   3.945137    
   9.522002    
   15.65637    
   13.23456    
   20.05448    
   21.20954    
   13.07800    
   3.120000    
   3.120000    
   5.128109    
   9.119932    
   31.71489    
   10.91434    
   21.07571    
   35.17326    
   3.120000    
   3.120000    
   3.120000    
   3.120000    
   3.120000    
   3.120000    
   3.120000    
   3.120000    
   3.120000    
   3.120000    
   3.120000    
   3.120000    
   3.120000    
   3.120000    
   3.120000    
   3.120000    
   3.120000    
   3.120000    
   3.120000    
   3.120000    
   302.1459    
   272.9572    
   133.1470    
   3.120000    
   3.120000    
   3.120000    
   3.120000    
   3.120000    
   130.8317    
   271.5774    
   244.3397    
   274.1354    
   112.9448    
   3.120000    
   3.120000    
   3.120000    
   3.120000    
   168.2811    
   85.97369    
   51.73671    
   107.9352    
   191.3315    
   245.8840    
   3.120000    
   3.120000    
   3.120000    
   153.1036    
   57.87713    
   110.4530    
   90.18198    
   40.92955    
   79.32020    
   126.2277    
   3.120000    
   3.120000    
   3.120000    
   125.7970    
   136.4774    
   99.63146    
   73.43637    
   27.00363    
   75.09413    
   67.30643    
   3.120000    
   3.120000    
   14.22220    
   23.22320    
   38.13025    
   67.00151    
   75.30183    
   37.56494    
   21.07574    
   82.45284    
   3.120000    
   3.120000    
   16.39572    
   27.37655    
   37.68466    
   50.78672    
   118.4062    
   177.9649    
   125.5011    
   25.35955    
   3.120000    
   139.7065    
   21.14692    
   11.53932    
   18.58329    
   50.77893    
   55.82226    
   125.5032    
   112.4642    
   202.3459    
   3.120000    
   283.3549    
   153.0140    
   42.39756    
   7.545492    
   16.31130    
   51.15661    
   104.0990    
   200.0215    
   104.3429    
   3.120000    
   309.2138    
   300.0324    
   126.1075    
   109.7437    
   15.73843    
   16.70808    
   90.68164    
   85.93569    
   186.5490    
   3.120000    
   187.3717    
   300.3270    
   296.9604    
   170.2762    
   166.8555    
   31.70740    
   61.78698    
   56.73738    
   29.70821    
   3.120000    
   42.56617    
   153.2550    
   311.4305    
   301.1593    
   288.6495    
   140.7668    
   38.19839    
   39.44890    
   3.120000    
   3.120000    
   3.120000    
   3.120000    
   301.2733    
   309.6091    
   311.3612    
   307.9301    
   3.120000    
   3.120000    
   3.120000    
   3.120000    
   3.120000    
   3.120000    
   3.120000    
   3.120000    
   3.120000    
   3.120000    
   3.120000    
   3.120000    
   3.120000    
   3.120000    
   3.120000    
   3.120000    
   3.120000    
   3.120000    
   3.120000    
   3.120000    
   16.62453    
   13.26348    
   24.51453    
   3.120000    
   3.120000    
   3.120000    
   3.120000    
   3.120000    
   50.96801    
   106.6703    
   117.3384    
   58.47707    
   67.93179    
   3.120000    
   3.120000    
   3.120000    
   3.120000    
   14.32190    
   25.89035    
   130.7556    
   135.0502    
   156.9357    
   47.94352    
   3.120000    
   3.120000    
   3.120000    
   3.802670    
   7.556698    
   11.83261    
   120.7798    
   153.1652    
   131.0251    
   73.08260    
   3.120000    
   3.120000    
   3.120000    
   4.383182    
   4.450310    
   27.76432    
   80.45040    
   77.42136    
   48.96519    
   77.60535    
   3.120000    
   3.120000    
   3.609825    
   3.988343    
   34.49646    
   57.32849    
   55.26665    
   13.12551    
   19.79164    
   16.27180    
   3.120000    
   3.120000    
   5.623103    
   10.84369    
   85.72539    
   38.48874    
   13.45373    
   11.04361    
   17.89628    
   17.77947    
   3.120000    
   11.43323    
   7.874842    
   34.42557    
   81.41618    
   70.68822    
   12.12115    
   23.60216    
   19.87301    
   49.54002    
   3.120000    
   9.698798    
   11.74390    
   51.32109    
   96.15993    
   83.36446    
   9.399146    
   15.15867    
   39.01868    
   153.7835    
   3.120000    
   7.126691    
   7.329050    
   100.7709    
   153.2524    
   43.55934    
   15.21902    
   33.77479    
   123.2195    
   123.5510    
   3.120000    
   5.010296    
   6.123873    
   29.88475    
   76.84988    
   51.74970    
   51.49882    
   121.0896    
   148.6003    
   94.13392    
   3.120000    
   3.914046    
   5.358409    
   19.16006    
   32.69440    
   46.69382    
   87.88757    
   96.93750    
   49.59315    
   3.120000    
   3.120000    
   3.120000    
   3.120000    
   9.341840    
   11.77620    
   13.20190    
   35.99727    
   3.120000    
   3.120000    
   3.120000    
   3.120000    
   3.120000    
   3.120000    
   3.120000    
   3.120000    
   3.120000    
   3.120000    
   3.120000    
   3.120000    
   3.120000    
   3.120000    
   3.120000    
   3.120000    
   3.120000    
   3.120000    
   3.120000    
   3.120000    
   5.303904    
   16.14393    
   116.9775    
   3.120000    
   3.120000    
   3.120000    
   3.120000    
   3.120000    
   62.48832    
   8.926147    
   4.849951    
   7.455152    
   25.45785    
   3.120000    
   3.120000    
   3.120000    
   3.120000    
   276.8231    
   224.0918    
   100.8272    
   10.50064    
   14.32937    
   8.509861    
   3.120000    
   3.120000    
   3.120000    
   311.8883    
   283.4166    
   233.5351    
   159.3546    
   49.24688    
   25.23299    
   101.3407    
   3.120000    
   3.120000    
   3.120000    
   212.7142    
   286.1088    
   305.7310    
   294.9730    
   231.5176    
   72.13899    
   60.45540    
   3.120000    
   3.120000    
   181.0328    
   115.3782    
   71.14761    
   65.92411    
   224.8590    
   274.0349    
   304.9292    
   222.8336    
   3.120000    
   3.120000    
   276.9791    
   290.7664    
   202.4380    
   65.98828    
   105.6797    
   242.8473    
   206.4271    
   281.0985    
   3.120000    
   301.3847    
   262.6047    
   257.8409    
   225.9341    
   151.0166    
   48.44891    
   35.41518    
   125.4790    
   119.0119    
   3.120000    
   108.5836    
   171.1338    
   187.9743    
   298.4649    
   192.4409    
   168.3229    
   99.00238    
   35.53050    
   130.5145    
   3.120000    
   9.499599    
   15.79279    
   18.47220    
   187.6161    
   248.8375    
   280.2648    
   264.4667    
   252.9483    
   85.13214    
   3.120000    
   40.17991    
   13.71730    
   9.920557    
   66.44103    
   124.0972    
   277.9164    
   308.1693    
   309.2029    
   302.1854    
   3.120000    
   57.18716    
   46.51755    
   65.43031    
   42.67492    
   54.84133    
   146.5261    
   127.4089    
   302.5860    
   3.120000    
   3.120000    
   3.120000    
   3.120000    
   102.7919    
   120.7208    
   133.3661    
   211.1520    
   3.120000    
   3.120000    
   3.120000    
