   3.120000    
   3.120000    
   3.120000    
   3.120000    
   3.120000    
   3.120000    
   3.120000    
   175.1443    
   21.55531    
   7.692255    
   3.120000    
   3.120000    
   3.120000    
   3.120000    
   3.120000    
   5.551865    
   105.6094    
   197.3304    
   158.8725    
   12.83705    
   3.120000    
   3.120000    
   3.120000    
   3.120000    
   54.61921    
   9.579073    
   84.14647    
   156.4670    
   164.5974    
   16.36574    
   3.120000    
   3.120000    
   3.120000    
   186.0222    
   194.7323    
   13.94420    
   10.77932    
   91.75826    
   177.9394    
   115.3649    
   3.120000    
   3.120000    
   218.8800    
   216.9414    
   176.5554    
   75.16611    
   8.057185    
   40.11364    
   199.2343    
   164.9141    
   3.120000    
   3.120000    
   223.7144    
   219.3150    
   191.2656    
   106.6716    
   30.57124    
   12.34900    
   181.9524    
   234.7337    
   3.120000    
   3.120000    
   193.0273    
   224.4623    
   192.0506    
   158.4727    
   100.3016    
   11.38854    
   157.6616    
   120.0632    
   3.120000    
   5.469878    
   34.50425    
   75.94276    
   174.4891    
   220.1744    
   88.89443    
   12.67494    
   27.73297    
   198.1344    
   3.120000    
   4.548555    
   7.040030    
   27.42524    
   78.69019    
   138.2487    
   223.3663    
   104.3419    
   18.14837    
   89.39730    
   3.120000    
   5.704247    
   5.979222    
   4.491648    
   16.66063    
   45.83448    
   183.2629    
   199.5389    
   90.52257    
   61.74282    
   3.120000    
   4.278926    
   8.298409    
   7.458902    
   7.180590    
   12.43365    
   128.4565    
   196.8762    
   243.3216    
   118.2890    
   4.870125    
   4.190516    
   6.116881    
   32.70823    
   7.718343    
   9.018465    
   17.06916    
   235.8072    
   199.6061    
   155.0698    
   16.66510    
   4.640869    
   5.634349    
   55.08353    
   65.69239    
   9.145501    
   25.55318    
   201.7321    
   194.4472    
   3.120000    
   3.120000    
   19.78945    
   7.063822    
   5.783233    
   87.62614    
   13.86938    
   17.77474    
   3.120000    
   3.120000    
   3.120000    
   3.120000    
   3.120000    
   3.120000    
   3.120000    
   3.120000    
   3.120000    
   3.120000    
   8.695980    
   16.79807    
   26.27687    
   3.120000    
   3.120000    
   3.120000    
   3.120000    
   3.120000    
   37.77946    
   29.07021    
   11.49517    
   7.617387    
   9.655458    
   3.120000    
   3.120000    
   3.120000    
   3.120000    
   50.33837    
   70.45521    
   37.67150    
   34.66646    
   7.961682    
   5.111037    
   3.120000    
   3.120000    
   3.120000    
   49.80331    
   61.81345    
   58.73775    
   59.25788    
   29.82184    
   9.304771    
   4.109273    
   3.120000    
   3.120000    
   19.40368    
   39.97234    
   33.86649    
   34.60470    
   15.89428    
   22.02820    
   8.819920    
   4.242043    
   3.120000    
   3.120000    
   7.725165    
   11.44995    
   6.617764    
   13.38677    
   14.32368    
   24.97464    
   10.70121    
   4.267199    
   3.120000    
   3.120000    
   7.410995    
   4.183423    
   5.620352    
   4.997425    
   6.402828    
   28.38520    
   10.46539    
   6.975734    
   3.120000    
   13.77245    
   7.477904    
   5.220361    
   5.400161    
   8.315612    
   3.398950    
   7.752679    
   10.89450    
   7.240223    
   3.120000    
   8.605359    
   7.662036    
   11.05566    
   8.039398    
   7.364524    
   5.311906    
   6.475324    
   5.072881    
   5.747322    
   3.120000    
   4.837938    
   6.887537    
   13.33248    
   9.111392    
   4.207632    
   4.136717    
   6.710190    
   5.136670    
   12.81614    
   3.120000    
   20.18838    
   11.39892    
   33.54960    
   25.37884    
   7.111003    
   5.678668    
   21.42186    
   13.92651    
   6.934428    
   12.44498    
   8.829069    
   11.86754    
   46.91991    
   36.80921    
   11.05002    
   7.323216    
   8.548503    
   9.525981    
   4.597101    
   7.246606    
   4.166781    
   3.923560    
   9.392286    
   14.22779    
   12.54272    
   19.50375    
   18.98062    
   10.98268    
   3.120000    
   3.120000    
   4.894507    
   8.839436    
   31.82123    
   11.29255    
   20.06729    
   30.32667    
   3.120000    
   3.120000    
   3.120000    
   3.120000    
   3.120000    
   3.120000    
   3.120000    
   3.120000    
   3.120000    
   3.120000    
   3.120000    
   3.120000    
   3.120000    
   3.120000    
   3.120000    
   3.120000    
   3.120000    
   3.120000    
   3.120000    
   3.120000    
   206.0497    
   231.5764    
   149.0595    
   3.120000    
   3.120000    
   3.120000    
   3.120000    
   3.120000    
   127.9370    
   194.5799    
   225.9307    
   213.9441    
   107.1552    
   3.120000    
   3.120000    
   3.120000    
   3.120000    
   191.8138    
   91.86469    
   46.89795    
   98.59995    
   192.0312    
   203.6684    
   3.120000    
   3.120000    
   3.120000    
   126.9099    
   55.98839    
   128.8460    
   101.7539    
   47.24526    
   84.10921    
   143.3404    
   3.120000    
   3.120000    
   3.120000    
   115.8934    
   136.0471    
   119.0297    
   63.43825    
   27.13710    
   74.64579    
   74.43913    
   3.120000    
   3.120000    
   16.53266    
   26.03422    
   43.38290    
   65.53466    
   63.62861    
   37.55831    
   21.52460    
   94.91511    
   3.120000    
   3.120000    
   14.55542    
   28.31513    
   42.07361    
   48.34850    
   100.2186    
   168.0285    
   150.8239    
   22.28906    
   3.120000    
   126.6856    
   20.22564    
   12.76168    
   18.66106    
   55.85971    
   51.13904    
   135.0733    
   117.6710    
   173.7316    
   3.120000    
   185.8888    
   172.7369    
   35.31303    
   7.342618    
   15.86714    
   55.23562    
   127.9790    
   231.4575    
   97.23600    
   3.120000    
   238.4263    
   241.9711    
   136.3205    
   110.3279    
   15.97470    
   15.50645    
   78.81374    
   85.59230    
   165.6542    
   3.120000    
   172.3441    
   202.2420    
   227.2447    
   186.7912    
   166.2454    
   33.03872    
   70.24382    
   55.09610    
   28.17401    
   3.120000    
   35.34039    
   164.5081    
   195.4496    
   227.4461    
   197.5736    
   160.6469    
   38.65417    
   37.51499    
   3.120000    
   3.120000    
   3.120000    
   3.120000    
   197.6788    
   212.6540    
   186.4762    
   251.8363    
   3.120000    
   3.120000    
   3.120000    
   3.120000    
   3.120000    
   3.120000    
   3.120000    
   3.120000    
   3.120000    
   3.120000    
   3.120000    
   3.120000    
   3.120000    
   3.120000    
   3.120000    
   3.120000    
   3.120000    
   3.120000    
   3.120000    
   3.120000    
   18.31501    
   14.20007    
   23.60217    
   3.120000    
   3.120000    
   3.120000    
   3.120000    
   3.120000    
   50.94603    
   113.7083    
   115.9460    
   51.37158    
   58.86548    
   3.120000    
   3.120000    
   3.120000    
   3.120000    
   15.08029    
   28.63165    
   114.0496    
   138.8924    
   169.0408    
   52.36353    
   3.120000    
   3.120000    
   3.120000    
   3.779311    
   8.212735    
   10.42934    
   103.1694    
   183.3145    
   143.5514    
   74.56583    
   3.120000    
   3.120000    
   3.120000    
   4.455785    
   4.399838    
   27.54932    
   83.60511    
   77.99296    
   48.85336    
   87.30595    
   3.120000    
   3.120000    
   3.589370    
   4.136095    
   39.64054    
   47.82122    
   58.11658    
   11.76066    
   20.29700    
   16.35217    
   3.120000    
   3.120000    
   5.721932    
   10.68111    
   79.04942    
   39.33906    
   11.12385    
   10.51343    
   16.38325    
   20.46146    
   3.120000    
   12.79911    
   8.223260    
   36.99300    
   81.17549    
   82.48302    
   10.45437    
   19.97816    
   22.66526    
   57.98372    
   3.120000    
   9.661017    
   13.14416    
   47.49301    
   91.36638    
   75.94664    
   8.917285    
   17.27629    
   43.34042    
   158.3461    
   3.120000    
   7.861521    
   8.142375    
   99.95753    
   152.1474    
   50.89955    
   16.50811    
   36.60846    
   123.7658    
   132.0096    
   3.120000    
   4.746375    
   5.676885    
   31.40454    
   82.72809    
   51.81486    
   50.96679    
   139.0004    
   135.8483    
   75.75494    
   3.120000    
   3.776587    
   5.196146    
   20.31285    
   34.28942    
   49.15184    
   71.36855    
   115.9773    
   50.78216    
   3.120000    
   3.120000    
   3.120000    
   3.120000    
   10.17314    
   10.80013    
   12.93525    
   42.38829    
   3.120000    
   3.120000    
   3.120000    
   3.120000    
   3.120000    
   3.120000    
   3.120000    
   3.120000    
   3.120000    
   3.120000    
   3.120000    
   3.120000    
   3.120000    
   3.120000    
   3.120000    
   3.120000    
   3.120000    
   3.120000    
   3.120000    
   3.120000    
   5.552906    
   15.96145    
   123.5004    
   3.120000    
   3.120000    
   3.120000    
   3.120000    
   3.120000    
   71.88840    
   8.390556    
   5.097237    
   8.174605    
   22.12113    
   3.120000    
   3.120000    
   3.120000    
   3.120000    
   192.3879    
   213.9388    
   88.04084    
   10.40645    
   13.17807    
   9.387486    
   3.120000    
   3.120000    
   3.120000    
   191.4320    
   233.3943    
   184.6557    
   135.6018    
   52.35772    
   23.95514    
   117.2248    
   3.120000    
   3.120000    
   3.120000    
   219.4185    
   191.0790    
   206.3217    
   177.3985    
   232.2488    
   56.75073    
   62.28133    
   3.120000    
   3.120000    
   169.4505    
   136.4760    
   63.95386    
   76.40977    
   182.8571    
   203.4286    
   201.3810    
   183.4665    
   3.120000    
   3.120000    
   177.5758    
   187.9582    
   215.1011    
   67.29546    
   121.1683    
   214.3230    
   174.7782    
   236.4247    
   3.120000    
   226.0076    
   199.6945    
   200.5927    
   225.5766    
   171.3015    
   47.16779    
   37.48306    
   117.1742    
   110.8692    
   3.120000    
   115.7124    
   164.5132    
   164.1200    
   241.5914    
   217.6074    
   157.7482    
   111.7820    
   32.33627    
   104.7495    
   3.120000    
   10.40871    
   14.42980    
   21.09610    
   188.7655    
   235.2495    
   205.8658    
   227.5054    
   233.5577    
   87.83424    
   3.120000    
   44.18611    
   14.95322    
   10.09255    
   59.66693    
   143.1231    
   230.8287    
   235.1849    
   215.7957    
   220.9456    
   3.120000    
   62.17834    
   53.81719    
   55.87383    
   35.80494    
   58.74239    
   161.4319    
   131.8400    
   220.2677    
   3.120000    
   3.120000    
   3.120000    
   3.120000    
   120.8724    
   121.0948    
   123.5225    
   197.7585    
   3.120000    
   3.120000    
   3.120000    
