  0.1379982    
  0.1705033    
  0.1706906    
  0.1480650    
  0.1852831    
  0.1820989    
  0.1797403    
  0.1562541    
  0.1607838    
  0.1647534    
  0.1516559    
  0.1694944    
  0.1732357    
  0.1453936    
  0.1795086    
  0.1781842    
  0.1594250    
  0.1612741    
  0.1672730    
  0.1852826    
  0.1774473    
  0.1724846    
  0.1823652    
  0.1659347    
  0.1618980    
  0.1416529    
  0.1728328    
  0.1456558    
  0.1624119    
  0.1835669    
  0.1678967    
  0.1538765    
  0.1414126    
  0.1524082    
  0.1836173    
  0.1501298    
  0.1579341    
  0.1744062    
  0.1741610    
  0.1660729    
  0.1592894    
  0.1803526    
  0.1745819    
  0.1769550    
  0.1588123    
  0.1403412    
  0.1487302    
  0.1402816    
  0.1673636    
  0.1738715    
  0.1745933    
  0.1530358    
  0.1704367    
  0.1462012    
  0.1402070    
  0.1437903    
  0.1508622    
  0.1614815    
  0.1661119    
  0.1697655    
  0.1571112    
  0.1530304    
  0.1492676    
  0.1515008    
  0.1740032    
  0.1758316    
  0.1794294    
  0.1638331    
  0.1849298    
  0.1852841    
  0.1742605    
  0.1644872    
  0.1823994    
  0.1777045    
  0.1437121    
  0.1816977    
  0.1755422    
  0.1575523    
  0.1595282    
  0.1826359    
  0.1459358    
  0.1745747    
  0.1757950    
  0.1576734    
  0.1463085    
  0.1390346    
  0.1382834    
  0.1772863    
  0.1530072    
  0.1446096    
  0.1393908    
  0.1784038    
  0.1586205    
  0.1802630    
  0.1809309    
  0.1611497    
  0.1642838    
  0.1552276    
  0.1770789    
  0.1636679    
  0.1689446    
  0.1398264    
  0.1488322    
  0.1609495    
  0.1555877    
  0.1411820    
  0.1722366    
  0.1794949    
  0.1716988    
  0.1434006    
  0.1776556    
  0.1414228    
  0.1634926    
  0.1690360    
  0.1837502    
  0.1676085    
  0.1475742    
  0.1672767    
  0.1393074    
  0.1725172    
  0.1850051    
  0.1666081    
  0.1511406    
  0.1612632    
  0.1577725    
  0.1569193    
  0.1739209    
  0.1588360    
  0.1745256    
  0.1388078    
  0.1833582    
  0.1606067    
  0.1464102    
  0.1455235    
  0.1517873    
  0.1527522    
  0.1380856    
  0.1402762    
  0.1666300    
  0.1539595    
  9.0598926E-02
  8.9266405E-02
  7.8580141E-02
  9.0828329E-02
  8.9733049E-02
  7.5592525E-02
  7.5484417E-02
  6.9748774E-02
  7.8199431E-02
  9.3480796E-02
  7.1442358E-02
  8.4912769E-02
  7.7268563E-02
  7.2695665E-02
  7.5415559E-02
  7.2467342E-02
  9.1203146E-02
  7.8752838E-02
  8.6765364E-02
  7.8753673E-02
  7.9009488E-02
  8.1547715E-02
  7.2339535E-02
  7.6953359E-02
  7.1004614E-02
  7.6114506E-02
  8.8374667E-02
  8.7085299E-02
  8.8738866E-02
  9.2105895E-02
  8.3804153E-02
  8.7163255E-02
  8.7784268E-02
  9.1993406E-02
  9.2281789E-02
  8.1363954E-02
  6.9728404E-02
  7.5058356E-02
  8.1221044E-02
  8.1305854E-02
  7.0694022E-02
  7.0103407E-02
  9.1989897E-02
  7.3608585E-02
  7.5164139E-02
  9.0054825E-02
  8.5901320E-02
  7.1292929E-02
  7.4622914E-02
  7.2845265E-02
  8.1359431E-02
  7.8291476E-02
  7.5892016E-02
  7.6867245E-02
  6.9971174E-02
  8.9019880E-02
  8.3552726E-02
  7.2467238E-02
  7.7473737E-02
  7.4228786E-02
  8.0843553E-02
  8.5570358E-02
  7.6797508E-02
  7.5086318E-02
  8.2203604E-02
  8.3685718E-02
  7.0334703E-02
  8.8421233E-02
  8.6731449E-02
  9.2092365E-02
  7.3123574E-02
  8.4586710E-02
  7.8899704E-02
  7.6795869E-02
  7.0118330E-02
  8.4774703E-02
  7.6525196E-02
  8.2055531E-02
  6.9494568E-02
  7.8271009E-02
  7.9654776E-02
  8.5902222E-02
  8.1260428E-02
  7.2330862E-02
  9.1096729E-02
  8.5836828E-02
  6.9953293E-02
  7.9555258E-02
  8.6647831E-02
  7.3249340E-02
  7.6542191E-02
  9.1547810E-02
  8.1356034E-02
  9.1678552E-02
  7.0515752E-02
  8.7632254E-02
  7.2308749E-02
  8.6232401E-02
  9.3125843E-02
  7.8630656E-02
  7.7456787E-02
  8.0748931E-02
  8.2036786E-02
  8.8142127E-02
  7.5353906E-02
  7.2947860E-02
  8.4690250E-02
  7.1322218E-02
  8.9711972E-02
  8.6592786E-02
  7.9905711E-02
  8.8232979E-02
  7.7311784E-02
  8.7984033E-02
  9.0636574E-02
  7.3233567E-02
  8.2679480E-02
  8.3852112E-02
  7.5691916E-02
  7.8451537E-02
  7.4168615E-02
  8.3581775E-02
  8.8223852E-02
  8.8904716E-02
  7.1197793E-02
  7.2106741E-02
  9.1230519E-02
  9.2193738E-02
  7.4844010E-02
  9.1035046E-02
  8.8604674E-02
  8.5695200E-02
  7.0081554E-02
  8.6544953E-02
  8.3927959E-02
  7.0035391E-02
  7.5276561E-02
  8.5021585E-02
  8.6520746E-02
  7.7624731E-02
  0.1828368    
  0.1711611    
  0.1808236    
  0.1775362    
  0.1605093    
  0.1813289    
  0.1642196    
  0.1723058    
  0.1496082    
  0.1757166    
  0.1668398    
  0.1680594    
  0.1632475    
  0.1542075    
  0.1671942    
  0.1643495    
  0.1460622    
  0.1579506    
  0.1697036    
  0.1470161    
  0.1501956    
  0.1646720    
  0.1504266    
  0.1746289    
  0.1711636    
  0.1495315    
  0.1442536    
  0.1488848    
  0.1733450    
  0.1670494    
  0.1364553    
  0.1839843    
  0.1606212    
  0.1651494    
  0.1438565    
  0.1783735    
  0.1476875    
  0.1573826    
  0.1485242    
  0.1781001    
  0.1765141    
  0.1754275    
  0.1729208    
  0.1833309    
  0.1371602    
  0.1463408    
  0.1594138    
  0.1685745    
  0.1634872    
  0.1761499    
  0.1838863    
  0.1721334    
  0.1589989    
  0.1802892    
  0.1365902    
  0.1658298    
  0.1383763    
  0.1611725    
  0.1705326    
  0.1384372    
  0.1807285    
  0.1697226    
  0.1836722    
  0.1520231    
  0.1390403    
  0.1434926    
  0.1649687    
  0.1785654    
  0.1653119    
  0.1511298    
  0.1521491    
  0.1502750    
  0.1731912    
  0.1763184    
  0.1383058    
  0.1754647    
  0.1644581    
  0.1635866    
  0.1681202    
  0.1494209    
  0.1672261    
  0.1815023    
  0.1421233    
  0.1568882    
  0.1711353    
  0.1735065    
  0.1476944    
  0.1732398    
  0.1558524    
  0.1632471    
  0.1609831    
  0.1719877    
  0.1647202    
  0.1438702    
  0.1792527    
  0.1570466    
  0.1827607    
  0.1810159    
  0.1575775    
  0.1679063    
  0.1561464    
  0.1516125    
  0.1833249    
  0.1613981    
  0.1531371    
  0.1779659    
  0.1660380    
  0.1553250    
  0.1367361    
  0.1678974    
  0.1503748    
  0.1523669    
  0.1677668    
  0.1464953    
  0.1444481    
  0.1813732    
  0.1715081    
  0.1755051    
  0.1377906    
  0.1670887    
  0.1829108    
  0.1493121    
  0.1644696    
  0.1580625    
  0.1553723    
  0.1417429    
  0.1705562    
  0.1421952    
  0.1517734    
  0.1478686    
  0.1675372    
  0.1723099    
  0.1472335    
  0.1839918    
  0.1419239    
  0.1756793    
  0.1659687    
  0.1679072    
  0.1544850    
  0.1698948    
  0.1761044    
  0.1589328    
  0.1490060    
  0.1643339    
  0.1652078    
  0.1778299    
  0.1843784    
  0.1708712    
  0.1829677    
  0.1588543    
  0.1466738    
  0.1552769    
  0.1685140    
  0.1505478    
  0.1713700    
  0.1390137    
  0.1724201    
  0.1569608    
  0.1462041    
  0.1848939    
  0.1848300    
  0.1443982    
  0.1823254    
  0.1590806    
  0.1551257    
  0.1667370    
  0.1581541    
  0.1467552    
  0.1544887    
  0.1715119    
  0.1844536    
  0.1593922    
  0.1462615    
  0.1677968    
  0.1421083    
  0.1551866    
  0.1424286    
  0.1721449    
  0.1411157    
  0.1780527    
  0.1624773    
  0.1758100    
  0.1495731    
  0.1773912    
  0.1405732    
  0.1818954    
  0.1547196    
  0.1410071    
  0.1702102    
  0.1664949    
  0.1750017    
  0.1520215    
  0.1620805    
  0.1584060    
  0.1718097    
  0.1751937    
  0.1799341    
  0.1455455    
  0.1527533    
  0.1563971    
  0.1410130    
  0.1485813    
  0.1746067    
  0.1433761    
  0.1458299    
  0.1699134    
  0.1486335    
  0.1845611    
  0.1725222    
  0.1639345    
  0.1779668    
  0.1518753    
  0.1573249    
  0.1745102    
  0.1622732    
  0.1685632    
  0.1692936    
  0.1532248    
  0.1776970    
  0.1826922    
  0.1441822    
  0.1394248    
  0.1727339    
  0.1456760    
  0.1503756    
  0.1696748    
  0.1475145    
  0.1634347    
  0.1653311    
  0.1598502    
  0.1841123    
  0.1823878    
  0.1408503    
  0.1490275    
  0.1819415    
  0.1831794    
  0.1626009    
  0.1754961    
  0.1738546    
  0.1524597    
  0.1687922    
  0.1740534    
  0.1527496    
  0.1732397    
  0.1522614    
  0.1864508    
  0.1383616    
  0.1473674    
  0.1649385    
  0.1553179    
  0.1437247    
  0.1716720    
  0.1733370    
  0.1771735    
  0.1385932    
  0.1570689    
  0.1542285    
  0.1443335    
  0.1557570    
  0.1499786    
  0.1386319    
  0.1864215    
  0.1510931    
  0.1399313    
  0.1554733    
  0.1602615    
  0.1524450    
  0.1803247    
  0.1722043    
  0.1825974    
  0.1622385    
  0.1413033    
  0.1783158    
  0.1625500    
  0.1543457    
  0.1649504    
  0.1685214    
  0.1823212    
  0.1651999    
  0.1688620    
  0.2461827    
  0.2432556    
  0.1989670    
  0.2142922    
  0.2562769    
  0.2503123    
  0.2251666    
  0.2371497    
  0.2382118    
  0.2615952    
  0.2612557    
  0.2135982    
  0.2348322    
  0.2026680    
  0.2635135    
  0.2515644    
  0.2499835    
  0.2260747    
  0.2380499    
  0.2441205    
  0.1981991    
  0.2541664    
  0.2057643    
  0.2478497    
  0.1990748    
  0.2505689    
  0.2327511    
  0.2634624    
  0.2389906    
  0.2429532    
  0.2469121    
  0.2563847    
  0.2473291    
  0.2367273    
  0.1992558    
  0.2078888    
  0.2381402    
  0.2290800    
  0.2208334    
  0.2665756    
  0.2380138    
  0.2535665    
  0.2168320    
  0.2322982    
  0.2095883    
  0.2458061    
  0.2242145    
  0.2573984    
  0.2499367    
  0.2189615    
  0.2065163    
  0.2520942    
  0.2261094    
  0.2603303    
  0.2631389    
  0.2279401    
  0.2440333    
  0.2094278    
  0.2059906    
  0.2529679    
  0.2055189    
  0.2043327    
  0.2487239    
  0.2279409    
  0.1986231    
  0.2114233    
  0.2255995    
  0.2516292    
  0.2553599    
  0.2139469    
  0.2021876    
  0.2487163    
  0.2446670    
  0.2217002    
  0.2439862    
  0.2565392    
  0.2496802    
  0.2414418    
  0.2504856    
  0.2536984    
  0.2425440    
  0.2080367    
  0.2037304    
  0.2286417    
  0.2435292    
  0.2253829    
  0.2030880    
  0.2089781    
  0.2663579    
  0.2095892    
  0.2164145    
  0.2515253    
  0.2591645    
  0.2607952    
  0.2457164    
  0.2534672    
  0.2505244    
  0.2278137    
  0.2092107    
  0.2129151    
  0.2118790    
  0.2108441    
  0.2378804    
  0.2407697    
  0.2646480    
  0.2570082    
  0.1997579    
  0.2540749    
  0.2546879    
  0.2260479    
  0.2669948    
  0.2583942    
  0.2299186    
  0.2450442    
  0.2219887    
  0.2418685    
  0.2154853    
  0.2163393    
  0.2251566    
  0.2394356    
  0.2637987    
  0.2635288    
  0.2519558    
  0.2181621    
  0.2209712    
  0.2306575    
  0.2236412    
  0.2025469    
  0.2568001    
  0.2591062    
  0.2034695    
  0.2209361    
  0.2036182    
  0.2082502    
  0.2394902    
  0.2126710    
  0.2171707    
  0.2236202    
  0.2029741    
  0.2450167    
