  0.0000000E+00
  0.0000000E+00
  0.0000000E+00
  0.0000000E+00
  0.0000000E+00
  0.0000000E+00
  0.0000000E+00
  0.1816492    
  0.1600066    
  4.7131419E-02
  0.0000000E+00
  0.0000000E+00
  0.0000000E+00
  0.0000000E+00
  0.0000000E+00
  5.2266322E-02
  0.1615777    
  0.1934851    
  0.2255903    
  9.2536837E-02
  0.0000000E+00
  0.0000000E+00
  0.0000000E+00
  0.0000000E+00
  0.1539268    
  0.1707684    
  9.8096162E-02
  0.1716385    
  0.2138001    
  0.2033654    
  0.0000000E+00
  0.0000000E+00
  0.0000000E+00
  0.2339366    
  0.1701103    
  0.1680907    
  8.8885427E-02
  0.1172045    
  0.1834781    
  0.1965193    
  0.0000000E+00
  0.0000000E+00
  0.2128444    
  0.1883162    
  0.1724072    
  0.2039723    
  7.9194129E-02
  6.3356884E-02
  0.2034910    
  0.1818671    
  0.0000000E+00
  0.0000000E+00
  0.1549895    
  0.2061535    
  0.2274038    
  0.1737981    
  0.1531227    
  9.2493400E-02
  0.1607156    
  0.2058122    
  0.0000000E+00
  0.0000000E+00
  0.1352999    
  0.1384287    
  0.2140351    
  0.1279769    
  0.1467429    
  0.1500227    
  0.1742834    
  0.1784593    
  0.0000000E+00
  1.5420036E-02
  6.9598816E-02
  0.1834067    
  0.1852030    
  0.1836123    
  0.1668025    
  0.1265052    
  0.1009064    
  0.1623663    
  0.0000000E+00
  1.8334292E-02
  4.9695216E-02
  7.0762008E-02
  0.1707185    
  0.1726386    
  0.1915393    
  0.1764715    
  8.5229963E-02
  0.1909923    
  0.0000000E+00
  4.4868842E-02
  4.2097405E-02
  5.0370689E-02
  6.3371658E-02
  0.1380656    
  0.1990055    
  0.2218722    
  0.2309841    
  0.1202646    
  0.0000000E+00
  3.9556511E-02
  8.7699324E-02
  8.0043003E-02
  5.9825979E-02
  8.6356588E-02
  0.2095264    
  0.2194257    
  0.2797095    
  0.1692050    
  7.6875478E-02
  2.9752109E-02
  0.1056438    
  0.1893719    
  4.2865902E-02
  6.0242981E-02
  0.1417466    
  0.2191552    
  0.2260011    
  0.2257390    
  5.4048248E-02
  2.4399444E-02
  5.4756291E-02
  9.7094074E-02
  9.4788909E-02
  3.1315826E-02
  9.1775194E-02
  0.1706151    
  0.1978908    
  0.0000000E+00
  0.0000000E+00
  0.1183989    
  4.9939811E-02
  3.7596118E-02
  0.1849833    
  7.6206177E-02
  3.3737216E-02
  0.0000000E+00
  0.0000000E+00
  0.0000000E+00
  0.0000000E+00
  0.0000000E+00
  0.0000000E+00
  0.0000000E+00
  0.0000000E+00
  0.0000000E+00
  0.0000000E+00
  8.2866661E-02
  8.7832466E-02
  0.1011218    
  0.0000000E+00
  0.0000000E+00
  0.0000000E+00
  0.0000000E+00
  0.0000000E+00
  0.1465786    
  0.1272741    
  8.0965489E-02
  6.0675189E-02
  2.8433573E-02
  0.0000000E+00
  0.0000000E+00
  0.0000000E+00
  0.0000000E+00
  0.1315460    
  0.1241711    
  0.1395924    
  0.1195293    
  6.2314875E-02
  2.4705872E-02
  0.0000000E+00
  0.0000000E+00
  0.0000000E+00
  0.1307573    
  0.1232212    
  0.1634443    
  0.1457208    
  0.1292307    
  6.1741699E-02
  3.6097120E-02
  0.0000000E+00
  0.0000000E+00
  9.1232210E-02
  8.5593872E-02
  0.1050998    
  6.3578829E-02
  7.6583192E-02
  9.6326448E-02
  8.5438952E-02
  3.9532371E-02
  0.0000000E+00
  0.0000000E+00
  8.8665083E-02
  3.1376347E-02
  3.5138726E-02
  6.2278219E-02
  9.4021544E-02
  9.9923968E-02
  0.1003858    
  2.8518308E-02
  0.0000000E+00
  0.0000000E+00
  5.3143024E-02
  2.1690749E-02
  2.6393503E-02
  3.1647410E-02
  4.7452934E-02
  0.1079515    
  7.7588573E-02
  4.6228576E-02
  0.0000000E+00
  4.9892064E-02
  6.2134899E-02
  2.3096198E-02
  2.3819607E-02
  4.0999345E-02
  2.0729257E-02
  3.1629186E-02
  6.8253785E-02
  7.7314556E-02
  0.0000000E+00
  4.6709251E-02
  4.3769035E-02
  8.0034420E-02
  4.9738608E-02
  6.2384777E-02
  2.9717553E-02
  5.0032623E-02
  3.4391940E-02
  4.8070990E-02
  0.0000000E+00
  2.7838638E-02
  3.5355479E-02
  6.4752385E-02
  4.6597157E-02
  3.0236468E-02
  4.0866349E-02
  7.3280416E-02
  6.1108772E-02
  7.5709514E-02
  0.0000000E+00
  7.8931630E-02
  4.0347438E-02
  8.3849505E-02
  8.9632958E-02
  3.0813459E-02
  4.2370155E-02
  0.1062050    
  9.0514347E-02
  0.1124802    
  7.5340003E-02
  7.8193784E-02
  8.7426022E-02
  0.1119725    
  7.9211131E-02
  6.9632545E-02
  4.5037180E-02
  5.8083493E-02
  7.2275877E-02
  4.7921747E-02
  0.1022891    
  5.2968562E-02
  4.0890880E-02
  9.5216215E-02
  0.1027472    
  4.9499810E-02
  9.1315150E-02
  0.1192535    
  8.5557215E-02
  0.0000000E+00
  0.0000000E+00
  3.1090919E-02
  8.7346286E-02
  0.1550842    
  8.0570385E-02
  8.9739911E-02
  0.1121282    
  0.0000000E+00
  0.0000000E+00
  0.0000000E+00
  0.0000000E+00
  0.0000000E+00
  0.0000000E+00
  0.0000000E+00
  0.0000000E+00
  0.0000000E+00
  0.0000000E+00
  0.0000000E+00
  0.0000000E+00
  0.0000000E+00
  0.0000000E+00
  0.0000000E+00
  0.0000000E+00
  0.0000000E+00
  0.0000000E+00
  0.0000000E+00
  0.0000000E+00
  0.1875257    
  0.1914976    
  0.1792148    
  0.0000000E+00
  0.0000000E+00
  0.0000000E+00
  0.0000000E+00
  0.0000000E+00
  0.1062473    
  0.2196095    
  0.1909305    
  0.1800837    
  0.2223614    
  0.0000000E+00
  0.0000000E+00
  0.0000000E+00
  0.0000000E+00
  0.2091950    
  0.1748327    
  0.1029165    
  0.1261873    
  0.2221704    
  0.1931745    
  0.0000000E+00
  0.0000000E+00
  0.0000000E+00
  0.2144317    
  0.1774377    
  0.1847179    
  9.0291612E-02
  8.5968897E-02
  0.1479713    
  0.1773829    
  0.0000000E+00
  0.0000000E+00
  0.0000000E+00
  0.1642999    
  0.1650715    
  0.1704682    
  0.1606031    
  9.2478320E-02
  0.1292945    
  0.1639180    
  0.0000000E+00
  0.0000000E+00
  0.1140616    
  7.2757490E-02
  0.1478312    
  0.1872131    
  0.1745527    
  0.1839938    
  0.1292399    
  0.2026586    
  0.0000000E+00
  0.0000000E+00
  7.8441098E-02
  9.0310857E-02
  0.1236064    
  0.1530674    
  0.1604215    
  0.1849927    
  0.2121426    
  0.1824578    
  0.0000000E+00
  0.1507737    
  0.1083699    
  4.5635812E-02
  7.9904407E-02
  0.1313592    
  0.1245966    
  0.2060214    
  0.2253178    
  0.2296783    
  0.0000000E+00
  0.2099825    
  0.1640836    
  0.1129859    
  3.5336692E-02
  3.3336241E-02
  0.1045371    
  0.2024670    
  0.1648241    
  0.1696455    
  0.0000000E+00
  0.2292179    
  0.1792642    
  0.1363103    
  0.1196067    
  5.8790237E-02
  4.8923455E-02
  0.1505167    
  0.1711931    
  0.1628198    
  0.0000000E+00
  0.1912274    
  0.1874504    
  0.1798887    
  0.1660383    
  0.1888397    
  0.1119858    
  8.6364157E-02
  9.0403825E-02
  8.8187829E-02
  0.0000000E+00
  0.1203700    
  0.1639018    
  0.1930147    
  0.1936502    
  0.2274263    
  0.2055168    
  9.0039954E-02
  0.1339979    
  0.0000000E+00
  0.0000000E+00
  0.0000000E+00
  0.0000000E+00
  0.1781767    
  0.2133419    
  0.2115217    
  0.1850978    
  0.0000000E+00
  0.0000000E+00
  0.0000000E+00
  0.0000000E+00
  0.0000000E+00
  0.0000000E+00
  0.0000000E+00
  0.0000000E+00
  0.0000000E+00
  0.0000000E+00
  0.0000000E+00
  0.0000000E+00
  0.0000000E+00
  0.0000000E+00
  0.0000000E+00
  0.0000000E+00
  0.0000000E+00
  0.0000000E+00
  0.0000000E+00
  0.0000000E+00
  0.1063025    
  0.1446517    
  6.9772840E-02
  0.0000000E+00
  0.0000000E+00
  0.0000000E+00
  0.0000000E+00
  0.0000000E+00
  0.1249096    
  0.1524962    
  0.1426763    
  0.1523635    
  0.1128245    
  0.0000000E+00
  0.0000000E+00
  0.0000000E+00
  0.0000000E+00
  8.3879136E-02
  0.1446529    
  0.1801728    
  0.2050303    
  0.1941018    
  0.1441244    
  0.0000000E+00
  0.0000000E+00
  0.0000000E+00
  1.5634404E-02
  5.5264872E-02
  9.0739131E-02
  0.1522464    
  0.1772290    
  0.1727709    
  0.1936704    
  0.0000000E+00
  0.0000000E+00
  0.0000000E+00
  3.8805075E-02
  6.5850161E-02
  8.3687633E-02
  0.1640931    
  0.2013705    
  0.1305413    
  0.1165232    
  0.0000000E+00
  0.0000000E+00
  6.0407430E-02
  3.4930788E-02
  0.1167111    
  0.1758479    
  0.1236376    
  6.8931177E-02
  8.3131030E-02
  9.5729187E-02
  0.0000000E+00
  0.0000000E+00
  9.3375817E-02
  5.5697475E-02
  0.1637031    
  0.1601187    
  0.1285893    
  2.3818055E-02
  9.3438685E-02
  9.3210407E-02
  0.0000000E+00
  4.6076067E-02
  7.3762566E-02
  0.1654001    
  0.1409081    
  0.1559877    
  0.1021461    
  0.1125432    
  7.4122608E-02
  0.1337273    
  0.0000000E+00
  7.2363064E-02
  9.6006170E-02
  0.1904303    
  0.1853451    
  0.1243410    
  8.4304288E-02
  0.1266981    
  0.1151031    
  0.1620120    
  0.0000000E+00
  2.1946352E-02
  7.1649767E-02
  0.1853593    
  0.1610720    
  0.1394627    
  0.1187111    
  0.1370616    
  0.1608249    
  0.1754841    
  0.0000000E+00
  4.8703492E-02
  8.3638325E-02
  0.1109117    
  0.1336290    
  0.1095830    
  0.1412148    
  0.1347081    
  0.1433577    
  0.1832465    
  0.0000000E+00
  1.7863708E-02
  3.0094644E-02
  0.1166627    
  0.1291248    
  0.1498682    
  0.1710504    
  0.1703947    
  9.4431058E-02
  0.0000000E+00
  0.0000000E+00
  0.0000000E+00
  0.0000000E+00
  0.1626151    
  8.7423593E-02
  9.4464049E-02
  0.1002828    
  0.0000000E+00
  0.0000000E+00
  0.0000000E+00
  0.0000000E+00
  0.0000000E+00
  0.0000000E+00
  0.0000000E+00
  0.0000000E+00
  0.0000000E+00
  0.0000000E+00
  0.0000000E+00
  0.0000000E+00
  0.0000000E+00
  0.0000000E+00
  0.0000000E+00
  0.0000000E+00
  0.0000000E+00
  0.0000000E+00
  0.0000000E+00
  0.0000000E+00
  1.4134433E-02
  8.4066138E-02
  9.3688667E-02
  0.0000000E+00
  0.0000000E+00
  0.0000000E+00
  0.0000000E+00
  0.0000000E+00
  0.1661007    
  0.1764269    
  5.2585389E-02
  5.3020179E-02
  0.1444310    
  0.0000000E+00
  0.0000000E+00
  0.0000000E+00
  0.0000000E+00
  0.2263407    
  0.2233914    
  0.2059471    
  7.6190770E-02
  6.6173024E-02
  7.9719096E-02
  0.0000000E+00
  0.0000000E+00
  0.0000000E+00
  0.1873248    
  0.2164736    
  0.2167754    
  0.2257992    
  0.2123413    
  9.7159266E-02
  9.8119244E-02
  0.0000000E+00
  0.0000000E+00
  0.0000000E+00
  0.1515059    
  0.2329138    
  0.2459635    
  0.2379260    
  0.2302034    
  0.1843389    
  9.7239822E-02
  0.0000000E+00
  0.0000000E+00
  0.1536085    
  0.1293445    
  0.1956786    
  0.1596938    
  0.2175406    
  0.2105317    
  0.2282156    
  0.2146059    
  0.0000000E+00
  0.0000000E+00
  0.1809789    
  0.2451208    
  0.1194829    
  4.9010433E-02
  0.1238698    
  0.1496267    
  0.1536555    
  0.1774788    
  0.0000000E+00
  0.1698694    
  0.2427726    
  0.2527201    
  0.2411576    
  0.1348538    
  9.7932145E-02
  7.7480748E-02
  7.6651275E-02
  0.1175260    
  0.0000000E+00
  0.2212336    
  0.1880171    
  0.1996351    
  0.2455149    
  0.1824816    
  0.1972946    
  0.1253823    
  0.1132540    
  0.1173892    
  0.0000000E+00
  4.9268603E-02
  6.5251254E-02
  0.1262152    
  0.2605491    
  0.2386297    
  0.2191119    
  0.1998296    
  0.1891392    
  0.1584299    
  0.0000000E+00
  5.5916145E-02
  4.7508035E-02
  7.8088894E-02
  0.1746810    
  0.1833300    
  0.2397297    
  0.1826108    
  0.1903431    
  0.2103420    
  0.0000000E+00
  0.2009001    
  0.1623895    
  9.9550501E-02
  9.8759428E-02
  0.1281353    
  0.1695545    
  0.2144494    
  0.2133470    
  0.0000000E+00
  0.0000000E+00
  0.0000000E+00
  0.0000000E+00
  0.1041530    
  0.1712700    
  0.1666084    
  0.2329927    
  0.0000000E+00
  0.0000000E+00
  0.0000000E+00
