  0.0000000E+00
  0.0000000E+00
  0.0000000E+00
  0.0000000E+00
  0.0000000E+00
  0.0000000E+00
  0.0000000E+00
  0.2148231    
  0.2115704    
  5.4119546E-02
  0.0000000E+00
  0.0000000E+00
  0.0000000E+00
  0.0000000E+00
  0.0000000E+00
  5.5446547E-02
  0.1962854    
  0.2143871    
  0.1933764    
  9.4506823E-02
  0.0000000E+00
  0.0000000E+00
  0.0000000E+00
  0.0000000E+00
  0.1762487    
  0.1534550    
  0.1072817    
  0.1783360    
  0.1998868    
  0.1538037    
  0.0000000E+00
  0.0000000E+00
  0.0000000E+00
  0.1789732    
  0.1890444    
  0.2133649    
  8.9834705E-02
  0.1611602    
  0.2315356    
  0.1625747    
  0.0000000E+00
  0.0000000E+00
  0.1595215    
  0.2129608    
  0.1848987    
  0.1937095    
  0.1073337    
  5.2408755E-02
  0.1953111    
  0.1801090    
  0.0000000E+00
  0.0000000E+00
  0.2108274    
  0.1656914    
  0.1665458    
  0.1742329    
  0.1659312    
  9.1903381E-02
  0.1589569    
  0.1819838    
  0.0000000E+00
  0.0000000E+00
  0.1386244    
  0.1887750    
  0.1873725    
  0.1831270    
  0.1155629    
  0.1669272    
  0.1736494    
  0.2082097    
  0.0000000E+00
  1.7156919E-02
  7.3004566E-02
  0.1726241    
  0.2143133    
  0.2015605    
  0.1198316    
  0.1287165    
  0.1036708    
  0.1643317    
  0.0000000E+00
  1.7677628E-02
  5.3801551E-02
  5.7610273E-02
  0.1704379    
  0.2191410    
  0.2369519    
  0.1562776    
  7.8571692E-02
  0.2084963    
  0.0000000E+00
  4.5901824E-02
  3.8331047E-02
  4.6356939E-02
  7.7503189E-02
  0.1508280    
  0.2062742    
  0.2225319    
  0.2177506    
  0.1721673    
  0.0000000E+00
  4.1209962E-02
  9.7898930E-02
  9.8922975E-02
  5.9674934E-02
  8.0017395E-02
  0.1840239    
  0.1831378    
  0.2796990    
  0.1759251    
  7.4848935E-02
  2.2125578E-02
  8.6379245E-02
  0.1447486    
  4.3927465E-02
  5.9909057E-02
  0.1297970    
  0.2234178    
  0.2263808    
  0.1758127    
  5.8827151E-02
  2.2962203E-02
  5.1845465E-02
  0.1334030    
  7.1983516E-02
  2.4499578E-02
  6.5529093E-02
  0.2224333    
  0.2051458    
  0.0000000E+00
  0.0000000E+00
  0.1038518    
  4.5605477E-02
  3.4787640E-02
  0.1571744    
  7.4499175E-02
  4.3665506E-02
  0.0000000E+00
  0.0000000E+00
  0.0000000E+00
  0.0000000E+00
  0.0000000E+00
  0.0000000E+00
  0.0000000E+00
  0.0000000E+00
  0.0000000E+00
  0.0000000E+00
  6.9988303E-02
  9.0739004E-02
  7.2200470E-02
  0.0000000E+00
  0.0000000E+00
  0.0000000E+00
  0.0000000E+00
  0.0000000E+00
  0.1468043    
  0.1068898    
  9.4833955E-02
  4.8213821E-02
  3.5767056E-02
  0.0000000E+00
  0.0000000E+00
  0.0000000E+00
  0.0000000E+00
  0.1079344    
  0.1688791    
  0.1507235    
  0.1441952    
  6.2137090E-02
  3.2550279E-02
  0.0000000E+00
  0.0000000E+00
  0.0000000E+00
  0.1424130    
  0.1198911    
  0.1484834    
  0.1560282    
  0.1412809    
  6.8402015E-02
  3.2416567E-02
  0.0000000E+00
  0.0000000E+00
  0.1012379    
  0.1156913    
  0.1121017    
  8.3727688E-02
  5.6815129E-02
  9.7701401E-02
  6.4248271E-02
  2.9900562E-02
  0.0000000E+00
  0.0000000E+00
  7.7617206E-02
  3.6695033E-02
  4.0767271E-02
  6.2138025E-02
  7.4555747E-02
  0.1004152    
  9.9575728E-02
  3.5742693E-02
  0.0000000E+00
  0.0000000E+00
  5.1352270E-02
  2.5664190E-02
  3.6263816E-02
  2.6096970E-02
  5.1950794E-02
  8.8048406E-02
  8.0585212E-02
  5.7693101E-02
  0.0000000E+00
  6.4698614E-02
  7.6223224E-02
  2.3983415E-02
  3.3052448E-02
  3.9980989E-02
  1.6991081E-02
  4.2402294E-02
  7.4224129E-02
  9.7535416E-02
  0.0000000E+00
  4.7853459E-02
  4.6968117E-02
  7.1921766E-02
  5.0118387E-02
  6.2022690E-02
  2.8428674E-02
  4.0740516E-02
  3.7710853E-02
  4.6885092E-02
  0.0000000E+00
  3.2132726E-02
  3.5306409E-02
  8.1153952E-02
  4.9326908E-02
  2.7236877E-02
  3.3468425E-02
  7.3475972E-02
  6.4763099E-02
  8.4155500E-02
  0.0000000E+00
  8.0488943E-02
  4.7459792E-02
  9.7958103E-02
  8.9967437E-02
  3.6190394E-02
  4.6797112E-02
  0.1223988    
  8.9655101E-02
  8.7904148E-02
  6.5074451E-02
  7.6608375E-02
  8.7671988E-02
  0.1438416    
  0.1076377    
  6.9683857E-02
  4.5298588E-02
  7.2813317E-02
  6.5661907E-02
  4.3033253E-02
  9.8257497E-02
  4.7309294E-02
  4.1076101E-02
  8.1267290E-02
  9.6747138E-02
  5.0429299E-02
  0.1043534    
  8.5955702E-02
  9.5799439E-02
  0.0000000E+00
  0.0000000E+00
  4.1681856E-02
  7.4746735E-02
  0.1571269    
  9.3782470E-02
  6.8343408E-02
  0.1321704    
  0.0000000E+00
  0.0000000E+00
  0.0000000E+00
  0.0000000E+00
  0.0000000E+00
  0.0000000E+00
  0.0000000E+00
  0.0000000E+00
  0.0000000E+00
  0.0000000E+00
  0.0000000E+00
  0.0000000E+00
  0.0000000E+00
  0.0000000E+00
  0.0000000E+00
  0.0000000E+00
  0.0000000E+00
  0.0000000E+00
  0.0000000E+00
  0.0000000E+00
  0.2191750    
  0.2230842    
  0.2053799    
  0.0000000E+00
  0.0000000E+00
  0.0000000E+00
  0.0000000E+00
  0.0000000E+00
  0.1036638    
  0.1784052    
  0.1832848    
  0.2273884    
  0.1768192    
  0.0000000E+00
  0.0000000E+00
  0.0000000E+00
  0.0000000E+00
  0.1591804    
  0.1753464    
  0.1177226    
  0.1338317    
  0.2266318    
  0.2280113    
  0.0000000E+00
  0.0000000E+00
  0.0000000E+00
  0.1775911    
  0.2212695    
  0.2046688    
  0.1121765    
  7.9500221E-02
  0.1951459    
  0.1803974    
  0.0000000E+00
  0.0000000E+00
  0.0000000E+00
  0.1472490    
  0.2024391    
  0.1947645    
  0.2006538    
  9.2635728E-02
  0.1297513    
  0.2074565    
  0.0000000E+00
  0.0000000E+00
  0.1145232    
  7.6347046E-02
  0.1081033    
  0.1429857    
  0.2208299    
  0.1757496    
  0.1168646    
  0.2220962    
  0.0000000E+00
  0.0000000E+00
  5.9049230E-02
  8.3156288E-02
  0.1205252    
  0.2084396    
  0.2137972    
  0.1767754    
  0.1918089    
  0.1605380    
  0.0000000E+00
  0.1713358    
  9.8231845E-02
  4.1334808E-02
  8.0406211E-02
  9.6379608E-02
  0.1448910    
  0.1730610    
  0.1713493    
  0.2297384    
  0.0000000E+00
  0.1673876    
  0.1691198    
  9.9646918E-02
  2.8705942E-02
  2.9497640E-02
  0.1341515    
  0.2188626    
  0.2161563    
  0.2268839    
  0.0000000E+00
  0.1871132    
  0.2292419    
  0.1301880    
  0.1206274    
  5.9503261E-02
  4.5495078E-02
  0.1481500    
  0.1699231    
  0.2102201    
  0.0000000E+00
  0.1557012    
  0.2315878    
  0.2310160    
  0.1901909    
  0.1892549    
  8.3582908E-02
  0.1053185    
  0.1292564    
  8.0364458E-02
  0.0000000E+00
  0.1006206    
  0.1957269    
  0.2113667    
  0.2151323    
  0.2235443    
  0.2072197    
  0.1277031    
  0.1307067    
  0.0000000E+00
  0.0000000E+00
  0.0000000E+00
  0.0000000E+00
  0.1886663    
  0.2152232    
  0.1820934    
  0.2388693    
  0.0000000E+00
  0.0000000E+00
  0.0000000E+00
  0.0000000E+00
  0.0000000E+00
  0.0000000E+00
  0.0000000E+00
  0.0000000E+00
  0.0000000E+00
  0.0000000E+00
  0.0000000E+00
  0.0000000E+00
  0.0000000E+00
  0.0000000E+00
  0.0000000E+00
  0.0000000E+00
  0.0000000E+00
  0.0000000E+00
  0.0000000E+00
  0.0000000E+00
  0.1130240    
  0.1428528    
  9.3613736E-02
  0.0000000E+00
  0.0000000E+00
  0.0000000E+00
  0.0000000E+00
  0.0000000E+00
  0.1358179    
  0.1711478    
  0.1452167    
  0.1449946    
  0.1430101    
  0.0000000E+00
  0.0000000E+00
  0.0000000E+00
  0.0000000E+00
  9.5835432E-02
  0.1120020    
  0.1714439    
  0.1763087    
  0.2063873    
  0.1297518    
  0.0000000E+00
  0.0000000E+00
  0.0000000E+00
  1.7378176E-02
  5.0783724E-02
  0.1029725    
  0.1728507    
  0.2137339    
  0.1583040    
  0.1728572    
  0.0000000E+00
  0.0000000E+00
  0.0000000E+00
  3.9884415E-02
  5.2215822E-02
  8.5053638E-02
  0.1941351    
  0.1992560    
  0.1298667    
  0.1326976    
  0.0000000E+00
  0.0000000E+00
  5.9110906E-02
  4.9625918E-02
  9.7937584E-02
  0.1646847    
  0.1515967    
  5.7438057E-02
  6.0730699E-02
  0.1308095    
  0.0000000E+00
  0.0000000E+00
  0.1118832    
  6.2568732E-02
  0.1404881    
  0.1273055    
  0.1009601    
  3.2451600E-02
  0.1026734    
  0.1201328    
  0.0000000E+00
  5.8284938E-02
  7.5224251E-02
  0.1210787    
  0.1408656    
  0.1217345    
  8.3090350E-02
  8.4314808E-02
  7.0046306E-02
  0.1190754    
  0.0000000E+00
  5.3696807E-02
  8.9649767E-02
  0.1958278    
  0.1655722    
  0.1357407    
  0.1134030    
  0.1050883    
  0.1099967    
  0.2206379    
  0.0000000E+00
  2.5271213E-02
  9.6571498E-02
  0.1804462    
  0.1602619    
  0.1100603    
  9.3315408E-02
  0.1184476    
  0.1608772    
  0.2047577    
  0.0000000E+00
  4.3197896E-02
  8.6050004E-02
  0.1427106    
  0.1500078    
  0.1106401    
  0.1366912    
  0.1843413    
  0.1755995    
  0.1376235    
  0.0000000E+00
  2.3185769E-02
  3.9704587E-02
  0.1302041    
  0.1544925    
  0.1255364    
  0.1337566    
  0.1232901    
  0.1083550    
  0.0000000E+00
  0.0000000E+00
  0.0000000E+00
  0.0000000E+00
  0.1239924    
  8.5675888E-02
  9.0770498E-02
  0.1307740    
  0.0000000E+00
  0.0000000E+00
  0.0000000E+00
  0.0000000E+00
  0.0000000E+00
  0.0000000E+00
  0.0000000E+00
  0.0000000E+00
  0.0000000E+00
  0.0000000E+00
  0.0000000E+00
  0.0000000E+00
  0.0000000E+00
  0.0000000E+00
  0.0000000E+00
  0.0000000E+00
  0.0000000E+00
  0.0000000E+00
  0.0000000E+00
  0.0000000E+00
  1.7201377E-02
  8.3525740E-02
  7.8740396E-02
  0.0000000E+00
  0.0000000E+00
  0.0000000E+00
  0.0000000E+00
  0.0000000E+00
  0.1648503    
  0.1574728    
  5.2774314E-02
  4.2456370E-02
  0.1167608    
  0.0000000E+00
  0.0000000E+00
  0.0000000E+00
  0.0000000E+00
  0.1959619    
  0.2053094    
  0.1979324    
  8.4261559E-02
  7.2233044E-02
  7.0328921E-02
  0.0000000E+00
  0.0000000E+00
  0.0000000E+00
  0.2284901    
  0.2132899    
  0.1774240    
  0.2507310    
  0.2042387    
  0.1028103    
  9.0270668E-02
  0.0000000E+00
  0.0000000E+00
  0.0000000E+00
  0.1813270    
  0.2087057    
  0.2280027    
  0.2112041    
  0.2293609    
  0.1754171    
  0.1009648    
  0.0000000E+00
  0.0000000E+00
  0.1566780    
  0.1310922    
  0.1442035    
  0.1477342    
  0.2190352    
  0.1801642    
  0.1914397    
  0.2222117    
  0.0000000E+00
  0.0000000E+00
  0.1709012    
  0.1880480    
  0.1136194    
  5.9217263E-02
  0.1215934    
  0.1847525    
  0.1990536    
  0.1949648    
  0.0000000E+00
  0.1713414    
  0.1946470    
  0.2488798    
  0.2389512    
  0.1539121    
  0.1137784    
  5.8366574E-02
  7.5103469E-02
  0.1117497    
  0.0000000E+00
  0.2028689    
  0.2308993    
  0.2438579    
  0.2430196    
  0.2329797    
  0.1761193    
  0.1310213    
  0.1423860    
  0.1034351    
  0.0000000E+00
  6.3652717E-02
  4.8572186E-02
  0.1527914    
  0.2597856    
  0.2091213    
  0.2212170    
  0.1994962    
  0.2298222    
  0.1789725    
  0.0000000E+00
  7.6643310E-02
  6.5452687E-02
  8.9889027E-02
  0.1567113    
  0.1727530    
  0.2378360    
  0.1832538    
  0.2067519    
  0.2143419    
  0.0000000E+00
  0.1555522    
  0.1166124    
  0.1198630    
  0.1206777    
  0.1614853    
  0.1941752    
  0.1584141    
  0.2049171    
  0.0000000E+00
  0.0000000E+00
  0.0000000E+00
  0.0000000E+00
  9.9297002E-02
  0.1765760    
  0.1695896    
  0.1743721    
  0.0000000E+00
  0.0000000E+00
  0.0000000E+00
