"cont","poro_truth","poro_melhor","melhor-truth(poro)","cont","permh_truth","permh_melhor","melhor-truth(permh)"
1,0.27081,0.2148231,-0.206738672870278,2,857.6321,554.9169,-0.352966266071431
1,0.184915,0.2115704,0.144149474082687,2,66.85093,59.46875,-0.110427483955721
1,0.053780001,0.054119546,0.00631359229613991,2,17.47837,14.74921,-0.156144995214085
1,0.050346669,0.055446547,0.101295241597811,2,8.433396,7.844726,-0.0698022481097769
1,0.18767,0.1962854,0.0459071774924069,2,379.5385,330.611,-0.128913140564133
1,0.2829975,0.2143871,-0.242441717683018,2,950.6475,626.485,-0.340991271738473
1,0.2225675,0.1933764,-0.131156166106911,2,536.7234,502.4274,-0.0638988350424073
1,0.080739997,0.094506823,0.170508131180634,2,28.49036,31.34532,0.100207929980527
1,0.15439,0.1762487,0.141581060949543,2,176.813,166.1265,-0.0604395604395604
1,0.14925,0.153455,0.028174204355109,2,18.69508,20.83572,0.114502853157087
1,0.117815,0.1072817,-0.0894054237575861,2,266.6723,261.3757,-0.0198618304188324
1,0.22629,0.178336,-0.211913915771797,2,566.2621,494.6677,-0.126433324780168
1,0.2757725,0.1998868,-0.275175008385535,2,718.8179,520.8948,-0.275345257818427
1,0.171395,0.1538037,-0.102636016219843,2,49.67086,42.72819,-0.139773501002399
1,0.2545433,0.1789732,-0.296885048634162,2,917.4515,590.0073,-0.356906277879539
1,0.2235425,0.1890444,-0.154324569153517,2,538.4592,618.1042,0.147912785221239
1,0.18708,0.2133649,0.140500855249091,2,32.38803,34.91677,0.0780763757474598
1,0.076459996,0.089834705,0.174924270202682,2,30.56413,24.70749,-0.191618083027392
1,0.135955,0.1611602,0.185393696443676,2,327.7441,285.9299,-0.127581854257636
1,0.286015,0.2315356,-0.190477422512805,2,718.5247,563.9335,-0.215150850068202
1,0.180955,0.1625747,-0.101573871957116,2,312.6195,362.0803,0.15821405894386
1,0.20396,0.1595215,-0.217878505589331,2,651.2474,695.9999,0.0687181246328201
1,0.276385,0.2129608,-0.229477721294571,2,972.8304,689.7465,-0.290989981398608
1,0.22713,0.1848987,-0.185934486857747,2,689.0786,559.469,-0.188091169860739
1,0.20376,0.1937095,-0.0493251864939144,2,257.6105,232.4068,-0.0978364624112759
1,0.094489999,0.1073337,0.135926565096058,2,19.16895,15.9264,-0.169156370067218
1,0.056465,0.052408755,-0.0718364473567697,2,127.6501,119.3343,-0.0651452681979881
1,0.2390025,0.1953111,-0.182807292810745,2,603.3354,632.6268,0.0485491154671182
1,0.2465225,0.180109,-0.269401373099819,2,691.1141,521.9165,-0.244818619675101
1,0.18247,0.2108274,0.155408560311284,2,594.6225,711.5949,0.196717076800828
1,0.2228325,0.1656914,-0.256430727115659,2,923.9598,697.4033,-0.245201685181541
1,0.2531525,0.1665458,-0.342112758120106,2,832.8511,606.9213,-0.271272740109246
1,0.1516175,0.1742329,0.149160881824328,2,289.1915,334.0373,0.155073022547343
1,0.1882325,0.1659312,-0.118477414899127,2,84.88863,88.5524,0.0431597258667032
1,0.091682501,0.091903381,0.00240918384196355,2,29.61129,29.77096,0.00539220006963555
1,0.1574475,0.1589569,0.00958668762603421,2,579.1512,576.8787,-0.00392384579363737
1,0.2573625,0.1819838,-0.292889212686386,2,709.5354,747.1409,0.0530001744803713
1,0.164515,0.1386244,-0.157375315320791,2,622.4246,612.6042,-0.0157776540323118
1,0.1586275,0.188775,0.190052166238515,2,670.9148,714.0075,0.0642297650908879
1,0.2792125,0.1873725,-0.32892510184895,2,857.8682,609.4534,-0.289572221000848
1,0.1621,0.183127,0.129716224552745,2,449.6851,501.1378,0.114419401487841
1,0.1458725,0.1155629,-0.207781452981199,2,317.5479,313.4891,-0.0127816937224274
1,0.137765,0.1669272,0.211680760715712,2,21.43033,26.67271,0.244624324497103
1,0.1560325,0.1736494,0.112905324211302,2,419.6521,498.5212,0.187939247772143
1,0.2267525,0.2082097,-0.0817755041289512,2,431.8307,377.2361,-0.126425934978685
1,0.01494,0.017156919,0.148388152610442,2,9.347226,7.580253,-0.18903715391069
1,0.080994993,0.073004566,-0.0986533451518416,2,103.4061,101.2395,-0.0209523422699433
1,0.1529525,0.1726241,0.128612477730014,2,293.1408,234.9121,-0.198637310125373
1,0.25203,0.2143133,-0.149651628774352,2,701.8274,552.8035,-0.212336964900487
1,0.2716425,0.2015605,-0.257993502489485,2,763.9669,700.1756,-0.0835000835769193
1,0.1469325,0.1198316,-0.184444557875215,2,328.7891,276.6917,-0.158452333121749
1,0.1341725,0.1287165,-0.0406640705062512,2,35.06097,30.8224,-0.120891407168712
1,0.1064675,0.1036708,-0.0262681099866158,2,87.68457,79.39666,-0.0945195944965003
1,0.19627,0.1643317,-0.162726346359607,2,860.2258,629.0788,-0.268705030702404
1,0.014687501,0.017677628,0.20358310103264,2,5.54469,4.608243,-0.168890776580837
1,0.044862498,0.053801551,0.199254464162918,2,12.19034,12.64526,0.0373180731628486
1,0.066117503,0.057610273,-0.128668349740915,2,74.83688,78.40398,0.0476650015340032
1,0.17248,0.1704379,-0.011839633580705,2,244.3695,243.7748,-0.00243360975899197
1,0.257745,0.219141,-0.149775941337368,2,537.8033,435.899,-0.189482474354471
1,0.2725275,0.2369519,-0.130539486840777,2,832.7828,710.472,-0.146869988188997
1,0.19338,0.1562776,-0.191862653842176,2,386.473,326.5224,-0.155122350073614
1,0.088832498,0.078571692,-0.115507345070945,2,52.81117,48.4786,-0.082038894423282
1,0.18976,0.2084963,0.0987368254637436,2,276.9131,278.3139,0.00505862669552291
1,0.04465,0.045901824,0.0280363717805151,2,8.103838,8.33628,0.0286829524479636
1,0.034809999,0.038331047,0.101150476907512,2,8.087593,9.223296,0.140425340394849
1,0.0577875,0.046356939,-0.197803348475016,2,4.578585,4.424672,-0.0336158441964057
1,0.066847503,0.077503189,0.159402902453963,2,48.7443,43.67944,-0.103906713195184
1,0.1425925,0.150828,0.0577554920490207,2,136.5478,137.7887,0.00908766014538506
1,0.2787625,0.2062742,-0.260036052194969,2,797.6979,581.1061,-0.271521085864711
1,0.2748525,0.2225319,-0.19035882882637,2,935.7007,633.6093,-0.322850458485283
1,0.1864775,0.2177506,0.167704414741725,2,280.2074,281.9438,0.00619683848463675
1,0.1512275,0.1721673,0.138465556859698,2,238.4034,189.1059,-0.206781866366
1,0.037289999,0.041209962,0.105121027222339,2,3.685563,3.73847,0.0143552016340515
1,0.080812499,0.09789893,0.211433023498011,2,17.30029,16.70455,-0.0344352609118113
1,0.082865,0.098922975,0.193784770409703,2,15.98768,13.99646,-0.124547151306506
1,0.065752499,0.059674934,-0.0924309355907523,2,13.047,13.09868,0.00396106384609483
1,0.0751625,0.080017395,0.0645919840345919,2,27.388,30.04402,0.0969775083978384
1,0.2108825,0.1840239,-0.127362867947791,2,463.5356,404.3112,-0.127766669917046
1,0.2961975,0.1831378,-0.381703761848091,2,905.3829,625.0199,-0.309662353905734
1,0.2865325,0.279699,-0.0238489525621004,2,771.4704,774.844,0.00437294807422295
1,0.232355,0.1759251,-0.242860708829162,2,307.303,371.513,0.208946870027302
1,0.066344999,0.074848935,0.128177498352212,2,5.96529,5.645565,-0.0535975618955659
1,0.024994999,0.022125578,-0.114799804552903,2,4.199368,3.453278,-0.177667210875541
1,0.0980625,0.086379245,-0.119140905035054,2,9.577145,9.667358,0.00941961304752098
1,0.168035,0.1447486,-0.138580652840182,2,108.6492,95.44588,-0.121522477846132
1,0.04298,0.043927465,0.0220443229409028,2,12.75794,14.83336,0.162676733077597
1,0.062934995,0.059909057,-0.0480803724541488,2,19.03103,19.02731,-0.000195470239918768
1,0.1235475,0.129797,0.0505837835650255,2,57.33688,44.9973,-0.215211919448704
1,0.295705,0.2234178,-0.244457144789571,2,970.4343,750.6039,-0.226527854590465
1,0.2927525,0.2263808,-0.226716082697842,2,693.0752,633.826,-0.0854874045413831
1,0.222445,0.1758127,-0.209635190721302,2,573.2043,490.1605,-0.144876442831988
1,0.055360001,0.058827151,0.0626291534929705,2,39.75566,43.69386,0.0990601086738342
1,0.02287,0.022962203,0.00403161346742453,2,5.246127,4.90603,-0.0648282056458031
1,0.056845002,0.051845465,-0.0879503355457706,2,7.471612,8.110804,0.0855494102209804
1,0.1169125,0.133403,0.141049930503582,2,187.3838,167.6243,-0.105449350477469
1,0.08303,0.071983516,-0.133042081175479,2,167.721,201.8464,0.203465278647277
1,0.026334997,0.024499578,-0.0696950525568694,2,16.466,19.4371,0.18043847929066
1,0.080177501,0.065529093,-0.18269973268436,2,70.78585,72.3651,0.0223102498592586
1,0.26014,0.2224333,-0.144947720458215,2,927.2019,640.6841,-0.309013387483352
1,0.2819,0.2051458,-0.272274565448741,2,532.0844,617.1844,0.159937032545965
1,0.107505,0.1038518,-0.0339816752709177,2,47.68419,53.77242,0.127678167543582
1,0.044197503,0.045605477,0.031856415055846,2,13.42125,12.72201,-0.0520994691254541
1,0.032449998,0.03478764,0.0720382787080603,2,9.165991,8.591073,-0.0627229505243896
1,0.15857,0.1571744,-0.00880116037081413,2,318.0302,272.6004,-0.14284744027454
1,0.066152506,0.074499175,0.12617313393993,2,35.46164,34.67542,-0.0221709994236025
1,0.040964998,0.043665506,0.0659223271535372,2,41.9537,47.27335,0.126798113158077
1,0.083266668,0.069988303,-0.159467951809961,2,21.80607,17.98703,-0.175136556013991
1,0.081702501,0.090739004,0.110602526108717,2,51.86268,44.12281,-0.149237756321116
1,0.084006667,0.07220047,-0.140538809854223,2,70.69968,74.69958,0.056575927924992
1,0.1216967,0.1468043,0.206312907416553,2,111.6854,111.8047,0.00106817900996903
1,0.1069925,0.1068898,-0.00095988036544628,2,72.91141,83.71034,0.148110288910885
1,0.082542501,0.094833955,0.148910607881872,2,30.90887,27.01667,-0.125925017640567
1,0.053635001,0.048213821,-0.101075415287118,2,17.67903,14.5077,-0.17938371053163
1,0.032145001,0.035767056,0.112678640140655,2,18.75072,21.08212,0.124336558809475
1,0.1070467,0.1079344,0.00829264237010581,2,177.1144,152.3173,-0.140006120338041
1,0.1447025,0.1688791,0.167077970318412,2,184.9706,217.2103,0.174296347635786
1,0.14392,0.1507235,0.047272790439133,2,125.9592,111.4565,-0.115138076456503
1,0.129915,0.1441952,0.109919562791056,2,86.54962,101.7628,0.175774081965929
1,0.069124997,0.06213709,-0.101090883229984,2,15.13117,15.61833,0.0321957918654011
1,0.029479999,0.032550279,0.104147900412073,2,5.393085,6.422699,0.190913734903121
1,0.1231333,0.142413,0.156575840978842,2,147.7027,150.5913,0.01955685305685
1,0.1308675,0.1198911,-0.0838741475156169,2,165.4718,189.3337,0.144205236179216
1,0.13921,0.1484834,0.0666144673514833,2,183.4514,179.4121,-0.0220183656270816
1,0.1399275,0.1560282,0.115064587018277,2,156.3591,181.0899,0.158166681696172
1,0.1308075,0.1412809,0.0800672744299829,2,97.64224,86.13496,-0.117851454452499
1,0.064667501,0.068402015,0.057749471407593,2,18.57353,19.95088,0.0741566088944858
1,0.033217501,0.032416567,-0.0241118078087814,2,3.023165,3.191205,0.0555841312002487
1,0.095100001,0.1012379,0.0645415240321607,2,53.72482,52.52799,-0.0222770406676095
1,0.1039325,0.1156913,0.1131388160585,2,106.8802,118.8785,0.112259333347056
1,0.10574,0.1121017,0.0601636088519009,2,101.7317,99.18221,-0.0250609200475369
1,0.077747501,0.083727688,0.0769180606846772,2,122.9715,101.5635,-0.174089118210317
1,0.065167502,0.056815129,-0.128167763742118,2,44.52293,41.20734,-0.0744692678581576
1,0.097229995,0.097701401,0.00484835980913085,2,69.42554,60.9942,-0.121444356068386
1,0.072195001,0.064248271,-0.11007313373401,2,16.65367,18.38684,0.104071354842506
1,0.033994999,0.029900562,-0.120442333297318,2,3.990062,3.619493,-0.0928729929509868
1,0.075674996,0.077617206,0.0256651483668397,2,14.79229,14.85537,0.00426438367554997
1,0.03602,0.036695033,0.0187405052748473,2,28.88336,26.8708,-0.0696788739260252
1,0.038912501,0.040767271,0.0476651449363278,2,11.72855,11.28311,-0.0379791193284762
1,0.063730001,0.062138025,-0.024980009022752,2,37.7288,33.11862,-0.122192595576854
1,0.082497492,0.074555747,-0.0962665022592444,2,36.83839,36.1409,-0.0189337807651202
1,0.099979997,0.1004152,0.00435290071072912,2,70.08744,70.49883,0.00586966794621115
1,0.100655,0.099575728,-0.0107224877055287,2,24.29169,24.45552,0.0067442816864533
1,0.035680003,0.035742693,0.00175700657872695,2,3.283167,3.700642,0.127156187912464
1,0.046647497,0.05135227,0.100857994588648,2,12.22291,13.84192,0.132457000828771
1,0.025369998,0.02566419,0.0115960592507732,2,3.891877,3.430397,-0.118575175936958
1,0.031489998,0.036263816,0.15159791372486,2,7.288738,8.065651,0.1065908803417
1,0.027857499,0.02609697,-0.063197668965186,2,6.48078,6.056211,-0.0655120217010915
1,0.048667498,0.051950794,0.0674638338712215,2,9.832672,10.58977,0.0769981954040569
1,0.089907497,0.088048406,-0.0206778195593634,2,71.63971,81.50064,0.137646146250453
1,0.070677504,0.080585212,0.140181917007143,2,30.15802,23.69482,-0.214311151726804
1,0.06002,0.057693101,-0.0387687270909697,2,12.93481,12.43785,-0.038420355614037
1,0.06033333,0.064698614,0.0723527774780541,2,35.6739,34.36273,-0.0367543217870769
1,0.073254995,0.076223224,0.0405191345654996,2,13.33558,14.05775,0.0541536251141683
1,0.0207,0.023983415,0.158619082125604,2,6.379678,6.775357,0.0620217822905795
1,0.028757501,0.033052448,0.149350494676154,2,6.441537,7.355359,0.141863968180265
1,0.034600001,0.039980989,0.155519879898269,2,15.21887,16.76004,0.101267045450812
1,0.018345,0.016991081,-0.0738031616244207,2,0.9608151,0.8998389,-0.0634629909542429
1,0.03847,0.042402294,0.10221715622563,2,14.67549,14.94413,0.0183053513034317
1,0.066042505,0.074224129,0.12388421668742,2,24.09188,25.07903,0.0409743863907673
1,0.084252499,0.097535416,0.157656059554981,2,14.19377,13.29104,-0.0636004387840581
1,0.053707503,0.047853459,-0.108998625387592,2,15.70268,17.69471,0.126859236767227
1,0.040435001,0.046968117,0.161570813365381,2,15.31137,14.65173,-0.0430817098665893
1,0.065805003,0.071921766,0.0929528564872187,2,23.73215,25.59889,0.0786586971681875
1,0.053967502,0.050118387,-0.071322830543463,2,15.47325,15.86903,0.0255783368070703
1,0.062634997,0.06202269,-0.00977579674826199,2,15.89405,13.69201,-0.138544927189735
1,0.034965001,0.028428674,-0.186939133792675,2,6.487435,7.070664,0.0899013246375494
1,0.046425,0.040740516,-0.122444458804524,2,10.09293,10.82363,0.0723972127023569
1,0.033247501,0.037710853,0.134246240040718,2,6.815095,6.299616,-0.075637830433765
1,0.048099998,0.046885092,-0.0252579220481463,2,8.445829,8.475232,0.00348136340435028
1,0.028577499,0.032132726,0.124406512970222,2,5.352588,5.541736,0.0353376721690517
1,0.037814997,0.035306409,-0.0663384423909912,2,14.71713,12.15335,-0.174203801964106
1,0.069075003,0.081153952,0.174867151290605,2,39.25232,32.94349,-0.160725022113343
1,0.055717498,0.049326908,-0.114696284459866,2,21.91286,19.32707,-0.118003309472155
1,0.0281075,0.027236877,-0.0309747576269679,2,4.304645,3.508489,-0.184952766139833
1,0.037390001,0.033468425,-0.104883014044316,2,3.654047,3.279734,-0.102437927043631
1,0.085565001,0.073475972,-0.141284740942152,2,12.71508,11.58126,-0.0891712832321936
1,0.07254,0.064763099,-0.107208450510063,2,5.922137,6.505388,0.0984865767205318
1,0.085155003,0.0841555,-0.0117374548151917,2,26.1414,31.27786,0.196487563787708
1,0.0724025,0.080488943,0.11168734505024,2,51.44341,55.0593,0.0702886919821217
1,0.049002498,0.047459792,-0.0314821909691216,2,24.25256,26.7062,0.101170350676382
1,0.094825,0.097958103,0.0330408963880833,2,83.87794,98.16,0.17027194516222
1,0.097722501,0.089967437,-0.0793580180679167,2,71.39836,71.8027,0.00566315528816075
1,0.033934999,0.036190394,0.0664622091192636,2,10.82706,12.8742,0.189076258929017
1,0.048272502,0.046797112,-0.0305637772825614,2,8.92269,8.253767,-0.0749687594212059
1,0.10453,0.1223988,0.170944226537836,2,59.8615,59.03826,-0.0137524118172782
1,0.092610002,0.089655101,-0.031906931607668,2,34.86101,34.8597,-3.75777982337201E-005
1,0.096780002,0.087904148,-0.0917116534054215,2,14.61428,12.30461,-0.158041997279373
1,0.070085004,0.065074451,-0.0714925121499601,2,32.58431,30.0806,-0.0768379014317014
1,0.073689997,0.076608375,0.0396034484843311,2,22.52613,18.41635,-0.182445009417951
1,0.091329999,0.087671988,-0.0400526775435527,2,29.67584,28.21786,-0.0491302015376818
1,0.12424,0.1438416,0.15777205408886,2,125.5424,141.29,0.12543650591354
1,0.093630001,0.1076377,0.149606951301859,2,87.20518,108.6749,0.246197760270663
1,0.074090004,0.069683857,-0.0594701951966422,2,25.69115,25.58073,-0.00429797809751612
1,0.0536125,0.045298588,-0.15507413383073,2,12.38508,13.55876,0.0947656373636665
1,0.068185002,0.072813317,0.0678787836656514,2,15.82882,17.5113,0.106292193606346
1,0.080422498,0.065661907,-0.183538081595028,2,21.88827,20.66446,-0.0559116823759941
1,0.052540001,0.043033253,-0.180943049468157,2,5.126225,4.764842,-0.0704969056176816
1,0.09544,0.098257497,0.0295211336965633,2,11.60713,13.31163,0.146849393433174
1,0.044095002,0.047309294,0.0728947013087787,2,4.334382,3.376714,-0.220946838557377
1,0.039609998,0.041076101,0.0370134580668244,2,2.661732,2.592128,-0.0261498903721336
1,0.080669999,0.08126729,0.00740412802038091,2,20.65162,20.23318,-0.0202618487072685
1,0.086845003,0.096747138,0.114020780216911,2,40.43989,35.83157,-0.113954810460661
1,0.059232503,0.050429299,-0.14862117172391,2,32.62762,30.39587,-0.0684006372515066
1,0.1079425,0.1043534,-0.033250110012275,2,54.62735,52.8508,-0.0325212553784872
1,0.096747503,0.085955702,-0.111546041658564,2,58.35334,51.16329,-0.123215740521451
1,0.089780003,0.095799439,0.0670465114597958,2,32.12259,25.3635,-0.210415473970187
1,0.038465001,0.041681856,0.0836307010625063,2,6.47777,5.724216,-0.116329230583982
1,0.079909995,0.074746735,-0.0646134441630237,2,19.35462,18.44979,-0.0467500782758845
1,0.1338025,0.1571269,0.174319612862241,2,92.24158,92.5846,0.00371871340451883
1,0.097010002,0.09378247,-0.0332700951804948,2,25.14304,26.36307,0.0485235675558724
1,0.084035002,0.068343408,-0.186726883162328,2,57.92163,54.66867,-0.0561614029163199
1,0.13104,0.1321704,0.00862637362637365,2,103.3976,87.76345,-0.151204186557522
1,0.290665,0.219175,-0.245953245144754,2,964.5998,654.6118,-0.321364362712909
1,0.294245,0.2230842,-0.241842002412955,2,870.4424,736.9561,-0.153354547067101
1,0.29213,0.2053799,-0.296957176599459,2,419.4421,470.7726,0.122378035013653
1,0.11829,0.1036638,-0.123646969312706,2,411.9732,402.6353,-0.0226662802337629
1,0.215545,0.1784052,-0.172306478925514,2,865.9915,617.6126,-0.286814477971204
1,0.271745,0.1832848,-0.3255265046275,2,778.1282,718.7443,-0.0763163447874014
1,0.290605,0.2273884,-0.21753445398393,2,874.2433,680.0778,-0.222095496757024
1,0.295085,0.1768192,-0.400785536370876,2,354.2735,335.5974,-0.0527166158349411
1,0.18153,0.1591804,-0.123117941937972,2,532.7776,608.6898,0.142483843164577
1,0.15386,0.1753464,0.139649031587157,2,267.27,286.2732,0.0711011336850376
1,0.119195,0.1177226,-0.0123528671504677,2,156.8281,141.2192,-0.0995287196618463
1,0.1496025,0.1338317,-0.10541802443141,2,338.1137,307.9998,-0.0890644182711319
1,0.2655525,0.2266318,-0.146564991856601,2,607.134,609.3911,0.00371763070425975
1,0.28793,0.2280113,-0.208101621921995,2,783.1096,646.9302,-0.173895710127931
1,0.25406,0.1775911,-0.30098756199323,2,483.818,399.3224,-0.174643357626215
1,0.23851,0.2212695,-0.0722841809567733,2,176.6359,170.5432,-0.0344929881184967
1,0.16989,0.2046688,0.204713638236506,2,346.2354,405.5676,0.17136376003147
1,0.098572493,0.1121765,0.138010174907517,2,280.8451,318.174,0.132916330033887
1,0.091947496,0.079500221,-0.135373724587345,2,121.9663,142.3396,0.167040403783668
1,0.1716525,0.1951459,0.136866052052839,2,245.8071,261.2555,0.0628476557430603
1,0.26887,0.1803974,-0.329053445903225,2,397.1216,452.3238,0.139005785633418
1,0.14282,0.147249,0.0310110628763478,2,395.7324,363.7853,-0.0807290482154102
1,0.2191975,0.2024391,-0.0764534267042278,2,430.1853,428.797,-0.00322721394710595
1,0.2256,0.1947645,-0.136682180851064,2,311.3273,373.9022,0.200993937891088
1,0.1779675,0.2006538,0.127474398415441,2,226.827,194.575,-0.142187658435724
1,0.093449995,0.092635728,-0.00871339800499715,2,77.04396,77.47453,0.00558862758352508
1,0.13332,0.1297513,-0.0267679267926791,2,232.1746,230.7284,-0.0062289328806855
1,0.2113475,0.2074565,-0.0184104377861106,2,207.053,230.0617,0.111124687881847
1,0.12155,0.1145232,-0.0578099547511312,2,35.81355,43.26664,0.208108104334812
1,0.088387504,0.076347046,-0.136223532231434,2,64.84903,73.91685,0.139829693674678
1,0.1263425,0.1081033,-0.144363139877713,2,112.9363,129.8803,0.150031477921625
1,0.179955,0.1429857,-0.205436359089773,2,206.0694,201.3376,-0.022962167114574
1,0.2038575,0.2208299,0.0832561961173859,2,232.8446,195.1891,-0.161719447219304
1,0.2317125,0.1757496,-0.24151869234504,2,111.1127,111.0913,-0.000192597245859383
1,0.1360075,0.1168646,-0.140748855761631,2,57.92174,59.36968,0.0249982131061671
1,0.2008225,0.2220962,0.105932851149647,2,255.9124,296.1133,0.157088519352716
1,0.064254999,0.05904923,-0.0810173384330765,2,42.82489,36.88844,-0.138621488578254
1,0.090580001,0.083156288,-0.0819575283510982,2,78.24693,81.27463,0.0386941698543316
1,0.1415675,0.1205252,-0.148637928903173,2,111.4989,125.6568,0.12697793431146
1,0.1905325,0.2084396,0.093984490834897,2,153.7636,145.8984,-0.0511512477595477
1,0.2306875,0.2137972,-0.0732172311026822,2,371.891,313.2214,-0.157760203930722
1,0.2052175,0.1767754,-0.138594905405241,2,564.0159,531.9628,-0.0568301354624931
1,0.2479925,0.1918089,-0.226553625613678,2,394.7776,476.4641,0.206917768384022
1,0.167575,0.160538,-0.0419931374011637,2,71.74049,61.83567,-0.138064571345972
1,0.141865,0.1713358,0.207738342790681,2,440.6016,398.5988,-0.095330566207658
1,0.094537504,0.098231845,0.0390780467400536,2,58.15135,55.17948,-0.0511057782837372
1,0.039910004,0.041334808,0.0357004223803135,2,27.15911,31.10219,0.145184433510524
1,0.07705,0.080406211,0.0435588708630761,2,49.88157,50.13246,0.00502971337910972
1,0.1127325,0.096379608,-0.145059250881511,2,153.7385,170.1281,0.106606998247023
1,0.150225,0.144891,-0.0355067398901648,2,170.0073,154.9001,-0.0888620665112615
1,0.2467975,0.173061,-0.298773285790983,2,394.7845,425.656,0.0781983588514747
1,0.2626175,0.1713493,-0.347532818643084,2,352.7232,369.5194,0.0476186426070074
1,0.22636,0.2297384,0.0149248983919421,2,642.6641,550.36,-0.143627285233452
1,0.25235,0.1673876,-0.336684763225679,2,903.9834,589.5767,-0.347801408742683
1,0.1497575,0.1691198,0.129291020483114,2,483.529,547.1514,0.131579284799878
1,0.094485,0.099646918,0.0546321426681484,2,126.7018,103.8485,-0.18037076032069
1,0.03076,0.028705942,-0.0667769180754225,2,14.27578,13.62135,-0.0458419785118571
1,0.033115,0.02949764,-0.109236297750264,2,42.55259,41.11979,-0.0336712759434855
1,0.1289125,0.1341515,0.0406399689712013,2,154.9568,168.1149,0.0849146342722618
1,0.1976,0.2188626,0.107604251012146,2,325.7388,402.771,0.236484569845533
1,0.20459,0.2161563,0.0565340436971504,2,635.1661,736.5726,0.159653514253988
1,0.2346175,0.2268839,-0.032962588042239,2,326.5254,303.6,-0.0702101582296506
1,0.268985,0.1871132,-0.304373106307043,2,987.3995,759.0524,-0.231261105560616
1,0.2519275,0.2292419,-0.0900481289259808,2,957.7819,770.4874,-0.195550260450735
1,0.14382,0.130188,-0.0947851481017939,2,396.7338,429.679,0.0830410718723739
1,0.121495,0.1206274,-0.00714103461047788,2,343.9475,345.8321,0.00547932460622634
1,0.0668175,0.059503261,-0.109465918359711,2,40.70462,41.46677,0.0187239188082335
1,0.044235002,0.045495078,0.0284859487516243,2,43.83252,39.95629,-0.088432743542922
1,0.126795,0.14815,0.168421467723491,2,282.4569,244.1734,-0.135537492622768
1,0.1741875,0.1699231,-0.0244816648726229,2,267.1474,266.0397,-0.0041464000772608
1,0.217235,0.2102201,-0.0322917577738395,2,591.7065,524.3038,-0.113912387306883
1,0.19731,0.1557012,-0.210880340580812,2,594.3605,545.8842,-0.0815604334406476
1,0.279085,0.2315878,-0.170189010516509,2,958.7322,642.3292,-0.330022294025381
1,0.2569875,0.231016,-0.101061335668077,2,947.8721,722.983,-0.237256798675686
1,0.21191,0.1901909,-0.102492095701005,2,539.2137,592.4876,0.0987992330313566
1,0.19063,0.1892549,-0.0072134501390127,2,528.1791,526.2111,-0.00372600884813496
1,0.097405002,0.083582908,-0.141903328537481,2,92.21742,96.51201,0.0465702683939759
1,0.10455,0.1053185,0.00735054997608791,2,189.2483,216.5285,0.144150304124264
1,0.1143125,0.1292564,0.130728485511208,2,172.9593,167.6648,-0.0306112478484823
1,0.088550001,0.080364458,-0.0924397843880318,2,85.76842,80.81937,-0.0577024737076887
1,0.10173,0.1006206,-0.0109053376585078,2,127.2457,103.9367,-0.183181042659988
1,0.197845,0.1957269,-0.0107058555940255,2,484.3063,520.6066,0.0749531856182749
1,0.2903875,0.2113667,-0.272121906073781,2,994.5502,620.418,-0.37618231839881
1,0.289535,0.2151323,-0.256973077520852,2,961.4171,723.6327,-0.247326992623701
1,0.2767525,0.2235443,-0.192259148517177,2,921.0628,627.2696,-0.318971952835355
1,0.2210625,0.2072197,-0.0626193949674865,2,444.0218,508.1512,0.144428494276632
1,0.1120525,0.1277031,0.13967202873653,2,113.1561,114.6264,0.0129935549210339
1,0.15755,0.1307067,-0.170379562043796,2,117.19,110.9516,-0.0532332110248315
1,0.26601,0.1886663,-0.290754858839893,2,961.785,627.6091,-0.347453848833159
1,0.293185,0.2152232,-0.26591333117315,2,988.6746,675.9162,-0.316341089373592
1,0.297815,0.1820934,-0.388568742340043,2,994.3264,591.4716,-0.40515347877719
1,0.287185,0.2388693,-0.168238940056061,2,983.2583,802.3105,-0.184028754194091
1,0.122095,0.113024,-0.0742946066587493,2,43.563,49.01616,0.12517870670064
1,0.12362,0.1428528,0.155580003235722,2,32.72092,35.74216,0.092333589642345
1,0.0832,0.093613736,0.125165096153846,2,69.0146,66.07153,-0.0426441651476645
1,0.14232,0.1358179,-0.0456864811691963,2,154.3484,154.2775,-0.000459350404668883
1,0.1655625,0.1711478,0.0337352963382408,2,334.0331,356.7363,0.0679669170510349
1,0.160285,0.1452167,-0.0940094207193437,2,368.4465,363.9549,-0.0121906436891109
1,0.1372,0.1449946,0.0568119533527698,2,178.5712,155.6503,-0.128357204297222
1,0.129425,0.1430101,0.104965037666602,2,209.0703,179.8241,-0.139886918419307
1,0.086960003,0.095835432,0.102063347444917,2,36.13516,38.58157,0.0677016512449371
1,0.12883,0.112002,-0.130621749592486,2,73.45273,82.29565,0.120389262591057
1,0.19204,0.1714439,-0.107249010622787,2,411.7278,357.8375,-0.130888174177211
1,0.1940675,0.1763087,-0.0915083669341852,2,425.5812,437.9755,0.0291232319472758
1,0.1968525,0.2063873,0.0484362657319566,2,496.1798,535.2283,0.0786982863873136
1,0.14092,0.1297518,-0.0792520579051944,2,144.592,158.8501,0.0986091899966802
1,0.016000001,0.017378176,0.0861359321165042,2,2.20216,2.126809,-0.034216859810368
1,0.059352499,0.050783724,-0.144370921938771,2,14.31193,16.42818,0.147866150826618
1,0.099362493,0.1029725,0.03633168704815,2,28.10519,23.57852,-0.161061711377863
1,0.1726775,0.1728507,0.00100302587192879,2,379.5478,322.7401,-0.14967205711639
1,0.2072725,0.2137339,0.0311734552340518,2,484.0167,581.2725,0.200934802456196
1,0.1954775,0.158304,-0.190167666355463,2,412.597,453.0044,0.0979343039333781
1,0.1748625,0.1728572,-0.0114678676102653,2,225.6858,230.4704,0.0212002704645131
1,0.034022503,0.039884415,0.172295142423825,2,4.074782,4.308985,0.0574762036349429
1,0.05641,0.052215822,-0.0743516752348874,2,4.291323,4.12851,-0.0379400478593664
1,0.099254996,0.085053638,-0.143079528208333,2,79.4978,78.80425,-0.00872414079383331
1,0.18802,0.1941351,0.0325236676949261,2,249.4529,259.6294,0.0407952763828361
1,0.1801225,0.199256,0.106224930255798,2,239.6818,241.5257,0.0076931164569024
1,0.1291875,0.1298667,0.00525747460087076,2,147.8877,147.527,-0.00243901284555787
1,0.1399275,0.1326976,-0.0516688999660539,2,240.2753,271.5676,0.130235192714357
1,0.064735003,0.059110906,-0.0868787632557923,2,1.58008,1.514096,-0.0417599108905877
1,0.044509999,0.049625918,0.114938645583883,2,2.801105,3.277725,0.170154278400845
1,0.1137525,0.097937584,-0.139029172985209,2,101.2144,117.8082,0.163947027300463
1,0.158655,0.1646847,0.0380051054174151,2,174.8661,144.1975,-0.175383336164071
1,0.15673,0.1515967,-0.0327525043067696,2,168.215,177.4083,0.0546520821567636
1,0.062720001,0.057438057,-0.0842146670246385,2,32.27584,27.87309,-0.136410082588091
1,0.074287504,0.060730699,-0.182491055292422,2,53.77948,55.40967,0.0303124909352043
1,0.1150525,0.1308095,0.13695486842963,2,42.42518,42.68443,0.00611075780939531
1,0.092902504,0.1118832,0.204307690135026,2,8.074525,8.39333,0.0394828178747358
1,0.063709997,0.062568732,-0.0179134367248519,2,24.91512,24.39069,-0.0210486644254574
1,0.1466575,0.1404881,-0.0420667200790958,2,266.469,244.9336,-0.0808176560875749
1,0.15198,0.1273055,-0.162353599157784,2,114.0927,116.8357,0.0240418536856434
1,0.109895,0.1009601,-0.0813039719732473,2,33.33462,25.81888,-0.225463497109012
1,0.028310001,0.0324516,0.146294555058475,2,25.56003,23.84977,-0.0669115020600524
1,0.115585,0.1026734,-0.111706536315266,2,47.66543,42.78466,-0.102396432802557
1,0.10572,0.1201328,0.136329928111994,2,47.28861,55.94019,0.182952723710847
1,0.055195,0.058284938,0.0559822085333817,2,26.81687,31.22293,0.164301799576162
1,0.066009998,0.075224251,0.139588748358999,2,15.3382,16.46213,0.0732765252767598
1,0.1452,0.1210787,-0.166124655647383,2,100.9857,109.2677,0.082011611545001
1,0.1432325,0.1408656,-0.0165248808754997,2,252.5683,251.7919,-0.00307401997796238
1,0.142525,0.1217345,-0.145872653920365,2,217.962,256.0097,0.174561162037419
1,0.096279994,0.08309035,-0.136992571894012,2,29.03596,23.65927,-0.185173488322756
1,0.093584999,0.084314808,-0.0990563776145362,2,66.07147,54.38115,-0.176934462030283
1,0.078092501,0.070046306,-0.103034156890429,2,54.04197,63.04924,0.166671755304257
1,0.1271775,0.1190754,-0.063707023648051,2,149.742,176.9797,0.181897530418987
1,0.060529999,0.053696807,-0.112889345991894,2,21.22193,21.10006,-0.00574264451913663
1,0.081420004,0.089649767,0.101077899725969,2,27.81902,32.336,0.162370205708181
1,0.171315,0.1958278,0.143086127893062,2,155.4874,143.1387,-0.0794192969976989
1,0.157135,0.1655722,0.053693957425144,2,300.1288,284.6657,-0.0515215467492623
1,0.14562,0.1357407,-0.0678430160692213,2,258.8531,234.9247,-0.0924400750850578
1,0.1007575,0.113403,0.125504304890455,2,20.25531,18.70092,-0.0767398770988941
1,0.12383,0.1050883,-0.151350238229831,2,38.83442,45.66547,0.175901944718113
1,0.1000825,0.1099967,0.0990602752728998,2,115.8022,129.7433,0.120387177445679
1,0.1902175,0.2206379,0.159924297186116,2,486.0112,500.7292,0.0302832527316243
1,0.021384999,0.025271213,0.181726171696337,2,12.92481,15.29523,0.183400761790696
1,0.090505004,0.096571498,0.0670293766298271,2,13.57758,16.20121,0.193232520080898
1,0.1819625,0.1804462,-0.00833303565295046,2,315.0029,312.3791,-0.00832944712572493
1,0.165865,0.1602619,-0.0337810870286076,2,484.298,480.7336,-0.00735993128197923
1,0.1172475,0.1100603,-0.0612993880466535,2,130.4495,154.1276,0.18151161943894
1,0.1099475,0.093315408,-0.151273034857546,2,39.02909,43.18745,0.106545143635171
1,0.1238825,0.1184476,-0.043871410409057,2,98.88642,108.0273,0.092438173006971
1,0.1617325,0.1608772,-0.00528836195569847,2,387.4178,389.1798,0.00454806155008882
1,0.1736975,0.2047577,0.178817772276515,2,388.487,415.773,0.0702365844931748
1,0.041644998,0.043197896,0.0372889440407704,2,6.09773,5.24637,-0.139619169756614
1,0.072564997,0.086050004,0.18583349490113,2,9.689915,8.248017,-0.148803988476679
1,0.1210475,0.1427106,0.178963629979966,2,86.3379,91.24046,0.0567834056654145
1,0.1356225,0.1500078,0.106068683293701,2,237.8383,256.8003,0.07972643598613
1,0.10856,0.1106401,0.0191608327192336,2,156.87,157.0802,0.00133996302670993
1,0.124405,0.1366912,0.0987596961536917,2,156.0607,154.3445,-0.0109970030891825
1,0.161785,0.1843413,0.139421454399357,2,380.5471,438.3238,0.151825358805783
1,0.16895,0.1755995,0.0393577981651376,2,469.2914,428.1557,-0.0876549197364366
1,0.153765,0.1376235,-0.104975124378109,2,293.5933,234.3062,-0.201936147725442
1,0.019959999,0.023185769,0.161611731543674,2,2.56144,2.118024,-0.173111999500281
1,0.034649998,0.039704587,0.145875592835532,2,7.220675,6.697246,-0.0724903142711727
1,0.1159775,0.1302041,0.122666896596323,2,51.74214,55.46081,0.0718692732847927
1,0.129695,0.1544925,0.191198581286865,2,95.40128,100.5465,0.0539324000684267
1,0.117,0.1255364,0.0729606837606836,2,140.5607,148.4898,0.0564105045009025
1,0.14105,0.1337566,-0.0517079049982276,2,273.4438,220.1566,-0.194874412950669
1,0.14474,0.1232901,-0.148196075721984,2,302.6371,364.0557,0.202944714973809
1,0.116315,0.108355,-0.0684348536302282,2,149.9134,153.7489,0.02558477094109
1,0.151345,0.1239924,-0.180730119924675,2,20.07045,22.75206,0.133609859270719
1,0.077480003,0.085675888,0.105780648975969,2,27.92323,24.7746,-0.112760235832316
1,0.085319996,0.090770498,0.0638830550343674,2,32.52225,31.6621,-0.0264480471062119
1,0.11822,0.130774,0.106191845711386,2,106.0557,126.6719,0.194390306225879
1,0.013414999,0.017201377,0.282249592415176,2,7.04485,7.848082,0.11401690596677
1,0.084739998,0.08352574,-0.01432921912507,2,42.01269,41.42403,-0.0140114808168674
1,0.082659997,0.078740396,-0.0474183540074408,2,367.2823,388.3237,0.0572894473814827
1,0.19193,0.1648503,-0.141091543792007,2,191.5107,221.8335,0.158334756230331
1,0.171595,0.1574728,-0.0822996008042192,2,18.72951,17.00179,-0.0922458729566338
1,0.044537496,0.052774314,0.184941201005104,2,5.580488,6.378184,0.142943771225742
1,0.046152502,0.04245637,-0.0800851923477518,2,13.98436,16.30518,0.165958256223381
1,0.13004,0.1167608,-0.102116271916333,2,72.05758,61.29395,-0.149375402282452
1,0.29092,0.1959619,-0.326406228516431,2,882.9132,610.5417,-0.308491820033951
1,0.2883425,0.2053094,-0.287966914346654,2,712.8123,680.0606,-0.0459471588803953
1,0.18086,0.1979324,0.0943956651553689,2,315.1846,273.9382,-0.130864261769135
1,0.088229999,0.084261559,-0.0449783525442407,2,23.80852,23.50468,-0.0127618180382485
1,0.078957498,0.072233044,-0.0851654899196528,2,36.15927,32.44539,-0.10270893190045
1,0.068654999,0.070328921,0.0243816477224041,2,17.38665,20.2177,0.162828952098305
1,0.293,0.2284901,-0.220170307167235,2,996.0267,607.4582,-0.390118558066767
1,0.2501,0.2132899,-0.147181527389044,2,904.1825,742.8203,-0.178461980850105
1,0.246005,0.177424,-0.278778886607996,2,743.2745,585.5989,-0.212136431426075
1,0.2778875,0.250731,-0.0977247987045118,2,503.9827,427.3606,-0.152033194790218
1,0.1768925,0.2042387,0.154592195825148,2,148.7964,158.8314,0.0674411477697041
1,0.110635,0.1028103,-0.0707253581597144,2,71.33223,67.21014,-0.0577872022226138
1,0.10805,0.090270668,-0.164547265155021,2,316.841,368.0801,0.161718653835836
1,0.17224,0.181327,0.0527577798420807,2,676.1102,697.7372,0.0319873890380593
1,0.2668275,0.2087057,-0.217825374071263,2,912.867,606.3193,-0.335807625864447
1,0.2840225,0.2280027,-0.197237190715524,2,976.1646,655.4895,-0.328505151692655
1,0.2523125,0.2112041,-0.162926529601189,2,941.4612,562.1886,-0.402855263711346
1,0.2323225,0.2293609,-0.0127477967050113,2,736.7664,739.1252,0.00320155750859428
1,0.17082,0.1754171,0.0269119541037349,2,222.6419,173.0023,-0.22295713430401
1,0.119735,0.1009648,-0.156764521651981,2,184.9529,190.843,0.0318464863216526
1,0.19607,0.156678,-0.200907839037079,2,573.9122,536.5499,-0.0651010729515769
1,0.128115,0.1310922,0.0232384966631541,2,362.1231,430.1806,0.187940233583552
1,0.160865,0.1442035,-0.103574425760731,2,219.4439,196.2383,-0.105747300335074
1,0.147645,0.1477342,0.000604151850723096,2,202.5939,236.4186,0.166958136449321
1,0.230085,0.2190352,-0.0480248603776865,2,715.2871,579.7969,-0.189420723510881
1,0.2174575,0.1801642,-0.171496959175931,2,873.919,646.1568,-0.260621636558995
1,0.2615675,0.1914397,-0.26810593823774,2,973.5781,639.5516,-0.343091632813022
1,0.18879,0.2222117,0.177031092748557,2,708.7536,581.763,-0.17917453964255
1,0.268945,0.1709012,-0.364549629106323,2,883.4165,562.7607,-0.362972391844617
1,0.1912525,0.188048,-0.0167553365315486,2,927.8918,596.2524,-0.35741171546079
1,0.13057,0.1136194,-0.12982001991269,2,642.9614,683.8101,0.06353211872439
1,0.054542497,0.059217263,0.0857086906013855,2,202.8009,207.0176,0.0207923140380539
1,0.130515,0.1215934,-0.0683568938436194,2,330.8379,380.801,0.151019880128607
1,0.1703425,0.1847525,0.0845942733023173,2,773.3139,681.2999,-0.118986610741123
1,0.1694375,0.1990536,0.174790704537071,2,655.8292,553.7361,-0.155670256829065
1,0.2283975,0.1949648,-0.146379448111297,2,896.7048,752.5957,-0.1607096337613
1,0.286155,0.1713414,-0.401228704722965,2,962.1442,718.9922,-0.252718875195631
1,0.2939325,0.194647,-0.337783334609136,2,837.0474,634.1111,-0.242443020550569
1,0.294615,0.2488798,-0.155237173938869,2,821.6803,637.0085,-0.224748968668228
1,0.2430075,0.2389512,-0.0166920774050183,2,718.7553,717.6018,-0.00160485773113605
1,0.1593925,0.1539121,-0.0343830481358909,2,477.0858,542.5211,0.137156251558944
1,0.0998125,0.1137784,0.139921352536005,2,146.2223,142.0897,-0.0282624469728625
1,0.065274999,0.058366574,-0.105835696757345,2,104.178,110.8486,0.0640307934496727
1,0.088275,0.075103469,-0.1492102067403,2,394.7063,367.9167,-0.0678722381679745
1,0.1000775,0.1117497,0.116631610501861,2,373.8448,347.5779,-0.070261509589006
1,0.219315,0.2028689,-0.0749884868796025,2,340.2053,363.2014,0.0675947729209391
1,0.292635,0.2308993,-0.210964853828148,2,541.9799,520.6231,-0.0394051513718498
1,0.2887875,0.2438579,-0.155580141107215,2,596.3043,519.3548,-0.129044013266381
1,0.28084,0.2430196,-0.134668850591084,2,952.7255,769.2625,-0.192566484260157
1,0.20289,0.2329797,0.148305485731185,2,610.7126,691.8949,0.132930448790479
1,0.189545,0.1761193,-0.0708312010340552,2,532.9125,498.8007,-0.0640101329955668
1,0.137705,0.1310213,-0.0485363639664499,2,309.298,350.5225,0.133284082017989
1,0.1308125,0.142386,0.088473960821787,2,104.55,94.24604,-0.0985553323768532
1,0.103305,0.1034351,0.00125937757126962,2,410.95,327.837,-0.202246015330332
1,0.053955,0.063652717,0.179737132795848,2,20.57935,23.51196,0.142502557175032
1,0.062142499,0.048572186,-0.218374111411258,2,40.87998,36.48322,-0.107552890192216
1,0.148835,0.1527914,0.0265824570833473,2,49.52322,57.98742,0.170913765300398
1,0.2645275,0.2597856,-0.0179259245258055,2,595.1486,598.8563,0.00622987267381633
1,0.2703075,0.2091213,-0.226357759218668,2,792.6371,748.8048,-0.0552993292895324
1,0.21932,0.221217,0.00864946197337229,2,894.0155,654.0186,-0.268448253973225
1,0.2356075,0.1994962,-0.153268889997135,2,843.054,723.8238,-0.141426527838074
1,0.244245,0.2298222,-0.0590505435116378,2,805.8978,743.3473,-0.0776159210262144
1,0.1842975,0.1789725,-0.0288935009970292,2,264.5553,273.2718,0.0329477428726621
1,0.063395001,0.07664331,0.208980342156632,2,119.5481,132.4713,0.10810042150398
1,0.054935001,0.065452687,0.191456918331539,2,34.18485,38.17169,0.116625932247765
1,0.078340001,0.089889027,0.147421826047717,2,21.93728,22.49209,0.0252907379583978
1,0.1411525,0.1567113,0.110226882272719,2,204.2614,182.4095,-0.106980075530668
1,0.1757475,0.172753,-0.0170386491984239,2,390.249,451.6228,0.157268308182724
1,0.2502775,0.237836,-0.0497108209887025,2,886.4398,734.5443,-0.171354557861684
1,0.286555,0.1832538,-0.360493448029174,2,984.03,748.5964,-0.239254494273549
1,0.2834025,0.2067519,-0.270465504009315,2,987.364,686.0506,-0.305169522081016
1,0.288905,0.2143419,-0.258088645056333,2,964.7271,702.6634,-0.271645421798558
1,0.17458,0.1555522,-0.108991866193149,2,174.4102,190.5108,0.0923145549973567
1,0.1365075,0.1166124,-0.145743640459315,2,139.9921,163.5393,0.168203777213143
1,0.10613,0.119863,0.129397908225761,2,201.001,170.1736,-0.153369386221959
1,0.11633,0.1206777,0.0373738502535889,2,127.5965,105.4353,-0.173681879988871
1,0.1592425,0.1614853,0.014084179788687,2,166.843,179.427,0.0754242011951356
1,0.2136925,0.1941752,-0.0913335751137734,2,462.6003,510.6836,0.103941350664926
1,0.2115375,0.1584141,-0.251129941499734,2,400.932,415.2257,0.035651182744206
1,0.22204,0.2049171,-0.0771162853539903,2,966.0195,700.4763,-0.274883892095346
1,0.10448,0.099297002,-0.0496075612557428,2,321.5222,379.8464,0.181400226796159
1,0.21478,0.176576,-0.177875034919452,2,379.3574,380.564,0.00318064179056488
1,0.20155,0.1695896,-0.158573058794344,2,420.1488,388.3951,-0.0755772716713697
1,0.2306,0.1743721,-0.243833044232437,2,671.071,627.866,-0.0643821592648171
