 cont  poro_truth	 poro_melhor
           1  0.2708100      0.2148231    
           1  0.1849150      0.2115704    
           1  5.3780001E-02  5.4119546E-02
           1  5.0346669E-02  5.5446547E-02
           1  0.1876700      0.1962854    
           1  0.2829975      0.2143871    
           1  0.2225675      0.1933764    
           1  8.0739997E-02  9.4506823E-02
           1  0.1543900      0.1762487    
           1  0.1492500      0.1534550    
           1  0.1178150      0.1072817    
           1  0.2262900      0.1783360    
           1  0.2757725      0.1998868    
           1  0.1713950      0.1538037    
           1  0.2545433      0.1789732    
           1  0.2235425      0.1890444    
           1  0.1870800      0.2133649    
           1  7.6459996E-02  8.9834705E-02
           1  0.1359550      0.1611602    
           1  0.2860150      0.2315356    
           1  0.1809550      0.1625747    
           1  0.2039600      0.1595215    
           1  0.2763850      0.2129608    
           1  0.2271300      0.1848987    
           1  0.2037600      0.1937095    
           1  9.4489999E-02  0.1073337    
           1  5.6465000E-02  5.2408755E-02
           1  0.2390025      0.1953111    
           1  0.2465225      0.1801090    
           1  0.1824700      0.2108274    
           1  0.2228325      0.1656914    
           1  0.2531525      0.1665458    
           1  0.1516175      0.1742329    
           1  0.1882325      0.1659312    
           1  9.1682501E-02  9.1903381E-02
           1  0.1574475      0.1589569    
           1  0.2573625      0.1819838    
           1  0.1645150      0.1386244    
           1  0.1586275      0.1887750    
           1  0.2792125      0.1873725    
           1  0.1621000      0.1831270    
           1  0.1458725      0.1155629    
           1  0.1377650      0.1669272    
           1  0.1560325      0.1736494    
           1  0.2267525      0.2082097    
           1  1.4940000E-02  1.7156919E-02
           1  8.0994993E-02  7.3004566E-02
           1  0.1529525      0.1726241    
           1  0.2520300      0.2143133    
           1  0.2716425      0.2015605    
           1  0.1469325      0.1198316    
           1  0.1341725      0.1287165    
           1  0.1064675      0.1036708    
           1  0.1962700      0.1643317    
           1  1.4687501E-02  1.7677628E-02
           1  4.4862498E-02  5.3801551E-02
           1  6.6117503E-02  5.7610273E-02
           1  0.1724800      0.1704379    
           1  0.2577450      0.2191410    
           1  0.2725275      0.2369519    
           1  0.1933800      0.1562776    
           1  8.8832498E-02  7.8571692E-02
           1  0.1897600      0.2084963    
           1  4.4650000E-02  4.5901824E-02
           1  3.4809999E-02  3.8331047E-02
           1  5.7787500E-02  4.6356939E-02
           1  6.6847503E-02  7.7503189E-02
           1  0.1425925      0.1508280    
           1  0.2787625      0.2062742    
           1  0.2748525      0.2225319    
           1  0.1864775      0.2177506    
           1  0.1512275      0.1721673    
           1  3.7289999E-02  4.1209962E-02
           1  8.0812499E-02  9.7898930E-02
           1  8.2865000E-02  9.8922975E-02
           1  6.5752499E-02  5.9674934E-02
           1  7.5162500E-02  8.0017395E-02
           1  0.2108825      0.1840239    
           1  0.2961975      0.1831378    
           1  0.2865325      0.2796990    
           1  0.2323550      0.1759251    
           1  6.6344999E-02  7.4848935E-02
           1  2.4994999E-02  2.2125578E-02
           1  9.8062500E-02  8.6379245E-02
           1  0.1680350      0.1447486    
           1  4.2980000E-02  4.3927465E-02
           1  6.2934995E-02  5.9909057E-02
           1  0.1235475      0.1297970    
           1  0.2957050      0.2234178    
           1  0.2927525      0.2263808    
           1  0.2224450      0.1758127    
           1  5.5360001E-02  5.8827151E-02
           1  2.2870000E-02  2.2962203E-02
           1  5.6845002E-02  5.1845465E-02
           1  0.1169125      0.1334030    
           1  8.3030000E-02  7.1983516E-02
           1  2.6334997E-02  2.4499578E-02
           1  8.0177501E-02  6.5529093E-02
           1  0.2601400      0.2224333    
           1  0.2819000      0.2051458    
           1  0.1075050      0.1038518    
           1  4.4197503E-02  4.5605477E-02
           1  3.2449998E-02  3.4787640E-02
           1  0.1585700      0.1571744    
           1  6.6152506E-02  7.4499175E-02
           1  4.0964998E-02  4.3665506E-02
           1  8.3266668E-02  6.9988303E-02
           1  8.1702501E-02  9.0739004E-02
           1  8.4006667E-02  7.2200470E-02
           1  0.1216967      0.1468043    
           1  0.1069925      0.1068898    
           1  8.2542501E-02  9.4833955E-02
           1  5.3635001E-02  4.8213821E-02
           1  3.2145001E-02  3.5767056E-02
           1  0.1070467      0.1079344    
           1  0.1447025      0.1688791    
           1  0.1439200      0.1507235    
           1  0.1299150      0.1441952    
           1  6.9124997E-02  6.2137090E-02
           1  2.9479999E-02  3.2550279E-02
           1  0.1231333      0.1424130    
           1  0.1308675      0.1198911    
           1  0.1392100      0.1484834    
           1  0.1399275      0.1560282    
           1  0.1308075      0.1412809    
           1  6.4667501E-02  6.8402015E-02
           1  3.3217501E-02  3.2416567E-02
           1  9.5100001E-02  0.1012379    
           1  0.1039325      0.1156913    
           1  0.1057400      0.1121017    
           1  7.7747501E-02  8.3727688E-02
           1  6.5167502E-02  5.6815129E-02
           1  9.7229995E-02  9.7701401E-02
           1  7.2195001E-02  6.4248271E-02
           1  3.3994999E-02  2.9900562E-02
           1  7.5674996E-02  7.7617206E-02
           1  3.6020000E-02  3.6695033E-02
           1  3.8912501E-02  4.0767271E-02
           1  6.3730001E-02  6.2138025E-02
           1  8.2497492E-02  7.4555747E-02
           1  9.9979997E-02  0.1004152    
           1  0.1006550      9.9575728E-02
           1  3.5680003E-02  3.5742693E-02
           1  4.6647497E-02  5.1352270E-02
           1  2.5369998E-02  2.5664190E-02
           1  3.1489998E-02  3.6263816E-02
           1  2.7857499E-02  2.6096970E-02
           1  4.8667498E-02  5.1950794E-02
           1  8.9907497E-02  8.8048406E-02
           1  7.0677504E-02  8.0585212E-02
           1  6.0020000E-02  5.7693101E-02
           1  6.0333330E-02  6.4698614E-02
           1  7.3254995E-02  7.6223224E-02
           1  2.0700000E-02  2.3983415E-02
           1  2.8757501E-02  3.3052448E-02
           1  3.4600001E-02  3.9980989E-02
           1  1.8345000E-02  1.6991081E-02
           1  3.8470000E-02  4.2402294E-02
           1  6.6042505E-02  7.4224129E-02
           1  8.4252499E-02  9.7535416E-02
           1  5.3707503E-02  4.7853459E-02
           1  4.0435001E-02  4.6968117E-02
           1  6.5805003E-02  7.1921766E-02
           1  5.3967502E-02  5.0118387E-02
           1  6.2634997E-02  6.2022690E-02
           1  3.4965001E-02  2.8428674E-02
           1  4.6425000E-02  4.0740516E-02
           1  3.3247501E-02  3.7710853E-02
           1  4.8099998E-02  4.6885092E-02
           1  2.8577499E-02  3.2132726E-02
           1  3.7814997E-02  3.5306409E-02
           1  6.9075003E-02  8.1153952E-02
           1  5.5717498E-02  4.9326908E-02
           1  2.8107500E-02  2.7236877E-02
           1  3.7390001E-02  3.3468425E-02
           1  8.5565001E-02  7.3475972E-02
           1  7.2540000E-02  6.4763099E-02
           1  8.5155003E-02  8.4155500E-02
           1  7.2402500E-02  8.0488943E-02
           1  4.9002498E-02  4.7459792E-02
           1  9.4825000E-02  9.7958103E-02
           1  9.7722501E-02  8.9967437E-02
           1  3.3934999E-02  3.6190394E-02
           1  4.8272502E-02  4.6797112E-02
           1  0.1045300      0.1223988    
           1  9.2610002E-02  8.9655101E-02
           1  9.6780002E-02  8.7904148E-02
           1  7.0085004E-02  6.5074451E-02
           1  7.3689997E-02  7.6608375E-02
           1  9.1329999E-02  8.7671988E-02
           1  0.1242400      0.1438416    
           1  9.3630001E-02  0.1076377    
           1  7.4090004E-02  6.9683857E-02
           1  5.3612500E-02  4.5298588E-02
           1  6.8185002E-02  7.2813317E-02
           1  8.0422498E-02  6.5661907E-02
           1  5.2540001E-02  4.3033253E-02
           1  9.5440000E-02  9.8257497E-02
           1  4.4095002E-02  4.7309294E-02
           1  3.9609998E-02  4.1076101E-02
           1  8.0669999E-02  8.1267290E-02
           1  8.6845003E-02  9.6747138E-02
           1  5.9232503E-02  5.0429299E-02
           1  0.1079425      0.1043534    
           1  9.6747503E-02  8.5955702E-02
           1  8.9780003E-02  9.5799439E-02
           1  3.8465001E-02  4.1681856E-02
           1  7.9909995E-02  7.4746735E-02
           1  0.1338025      0.1571269    
           1  9.7010002E-02  9.3782470E-02
           1  8.4035002E-02  6.8343408E-02
           1  0.1310400      0.1321704    
           1  0.2906650      0.2191750    
           1  0.2942450      0.2230842    
           1  0.2921300      0.2053799    
           1  0.1182900      0.1036638    
           1  0.2155450      0.1784052    
           1  0.2717450      0.1832848    
           1  0.2906050      0.2273884    
           1  0.2950850      0.1768192    
           1  0.1815300      0.1591804    
           1  0.1538600      0.1753464    
           1  0.1191950      0.1177226    
           1  0.1496025      0.1338317    
           1  0.2655525      0.2266318    
           1  0.2879300      0.2280113    
           1  0.2540600      0.1775911    
           1  0.2385100      0.2212695    
           1  0.1698900      0.2046688    
           1  9.8572493E-02  0.1121765    
           1  9.1947496E-02  7.9500221E-02
           1  0.1716525      0.1951459    
           1  0.2688700      0.1803974    
           1  0.1428200      0.1472490    
           1  0.2191975      0.2024391    
           1  0.2256000      0.1947645    
           1  0.1779675      0.2006538    
           1  9.3449995E-02  9.2635728E-02
           1  0.1333200      0.1297513    
           1  0.2113475      0.2074565    
           1  0.1215500      0.1145232    
           1  8.8387504E-02  7.6347046E-02
           1  0.1263425      0.1081033    
           1  0.1799550      0.1429857    
           1  0.2038575      0.2208299    
           1  0.2317125      0.1757496    
           1  0.1360075      0.1168646    
           1  0.2008225      0.2220962    
           1  6.4254999E-02  5.9049230E-02
           1  9.0580001E-02  8.3156288E-02
           1  0.1415675      0.1205252    
           1  0.1905325      0.2084396    
           1  0.2306875      0.2137972    
           1  0.2052175      0.1767754    
           1  0.2479925      0.1918089    
           1  0.1675750      0.1605380    
           1  0.1418650      0.1713358    
           1  9.4537504E-02  9.8231845E-02
           1  3.9910004E-02  4.1334808E-02
           1  7.7050000E-02  8.0406211E-02
           1  0.1127325      9.6379608E-02
           1  0.1502250      0.1448910    
           1  0.2467975      0.1730610    
           1  0.2626175      0.1713493    
           1  0.2263600      0.2297384    
           1  0.2523500      0.1673876    
           1  0.1497575      0.1691198    
           1  9.4485000E-02  9.9646918E-02
           1  3.0760000E-02  2.8705942E-02
           1  3.3115000E-02  2.9497640E-02
           1  0.1289125      0.1341515    
           1  0.1976000      0.2188626    
           1  0.2045900      0.2161563    
           1  0.2346175      0.2268839    
           1  0.2689850      0.1871132    
           1  0.2519275      0.2292419    
           1  0.1438200      0.1301880    
           1  0.1214950      0.1206274    
           1  6.6817500E-02  5.9503261E-02
           1  4.4235002E-02  4.5495078E-02
           1  0.1267950      0.1481500    
           1  0.1741875      0.1699231    
           1  0.2172350      0.2102201    
           1  0.1973100      0.1557012    
           1  0.2790850      0.2315878    
           1  0.2569875      0.2310160    
           1  0.2119100      0.1901909    
           1  0.1906300      0.1892549    
           1  9.7405002E-02  8.3582908E-02
           1  0.1045500      0.1053185    
           1  0.1143125      0.1292564    
           1  8.8550001E-02  8.0364458E-02
           1  0.1017300      0.1006206    
           1  0.1978450      0.1957269    
           1  0.2903875      0.2113667    
           1  0.2895350      0.2151323    
           1  0.2767525      0.2235443    
           1  0.2210625      0.2072197    
           1  0.1120525      0.1277031    
           1  0.1575500      0.1307067    
           1  0.2660100      0.1886663    
           1  0.2931850      0.2152232    
           1  0.2978150      0.1820934    
           1  0.2871850      0.2388693    
           1  0.1220950      0.1130240    
           1  0.1236200      0.1428528    
           1  8.3200000E-02  9.3613736E-02
           1  0.1423200      0.1358179    
           1  0.1655625      0.1711478    
           1  0.1602850      0.1452167    
           1  0.1372000      0.1449946    
           1  0.1294250      0.1430101    
           1  8.6960003E-02  9.5835432E-02
           1  0.1288300      0.1120020    
           1  0.1920400      0.1714439    
           1  0.1940675      0.1763087    
           1  0.1968525      0.2063873    
           1  0.1409200      0.1297518    
           1  1.6000001E-02  1.7378176E-02
           1  5.9352499E-02  5.0783724E-02
           1  9.9362493E-02  0.1029725    
           1  0.1726775      0.1728507    
           1  0.2072725      0.2137339    
           1  0.1954775      0.1583040    
           1  0.1748625      0.1728572    
           1  3.4022503E-02  3.9884415E-02
           1  5.6410000E-02  5.2215822E-02
           1  9.9254996E-02  8.5053638E-02
           1  0.1880200      0.1941351    
           1  0.1801225      0.1992560    
           1  0.1291875      0.1298667    
           1  0.1399275      0.1326976    
           1  6.4735003E-02  5.9110906E-02
           1  4.4509999E-02  4.9625918E-02
           1  0.1137525      9.7937584E-02
           1  0.1586550      0.1646847    
           1  0.1567300      0.1515967    
           1  6.2720001E-02  5.7438057E-02
           1  7.4287504E-02  6.0730699E-02
           1  0.1150525      0.1308095    
           1  9.2902504E-02  0.1118832    
           1  6.3709997E-02  6.2568732E-02
           1  0.1466575      0.1404881    
           1  0.1519800      0.1273055    
           1  0.1098950      0.1009601    
           1  2.8310001E-02  3.2451600E-02
           1  0.1155850      0.1026734    
           1  0.1057200      0.1201328    
           1  5.5195000E-02  5.8284938E-02
           1  6.6009998E-02  7.5224251E-02
           1  0.1452000      0.1210787    
           1  0.1432325      0.1408656    
           1  0.1425250      0.1217345    
           1  9.6279994E-02  8.3090350E-02
           1  9.3584999E-02  8.4314808E-02
           1  7.8092501E-02  7.0046306E-02
           1  0.1271775      0.1190754    
           1  6.0529999E-02  5.3696807E-02
           1  8.1420004E-02  8.9649767E-02
           1  0.1713150      0.1958278    
           1  0.1571350      0.1655722    
           1  0.1456200      0.1357407    
           1  0.1007575      0.1134030    
           1  0.1238300      0.1050883    
           1  0.1000825      0.1099967    
           1  0.1902175      0.2206379    
           1  2.1384999E-02  2.5271213E-02
           1  9.0505004E-02  9.6571498E-02
           1  0.1819625      0.1804462    
           1  0.1658650      0.1602619    
           1  0.1172475      0.1100603    
           1  0.1099475      9.3315408E-02
           1  0.1238825      0.1184476    
           1  0.1617325      0.1608772    
           1  0.1736975      0.2047577    
           1  4.1644998E-02  4.3197896E-02
           1  7.2564997E-02  8.6050004E-02
           1  0.1210475      0.1427106    
           1  0.1356225      0.1500078    
           1  0.1085600      0.1106401    
           1  0.1244050      0.1366912    
           1  0.1617850      0.1843413    
           1  0.1689500      0.1755995    
           1  0.1537650      0.1376235    
           1  1.9959999E-02  2.3185769E-02
           1  3.4649998E-02  3.9704587E-02
           1  0.1159775      0.1302041    
           1  0.1296950      0.1544925    
           1  0.1170000      0.1255364    
           1  0.1410500      0.1337566    
           1  0.1447400      0.1232901    
           1  0.1163150      0.1083550    
           1  0.1513450      0.1239924    
           1  7.7480003E-02  8.5675888E-02
           1  8.5319996E-02  9.0770498E-02
           1  0.1182200      0.1307740    
           1  1.3414999E-02  1.7201377E-02
           1  8.4739998E-02  8.3525740E-02
           1  8.2659997E-02  7.8740396E-02
           1  0.1919300      0.1648503    
           1  0.1715950      0.1574728    
           1  4.4537496E-02  5.2774314E-02
           1  4.6152502E-02  4.2456370E-02
           1  0.1300400      0.1167608    
           1  0.2909200      0.1959619    
           1  0.2883425      0.2053094    
           1  0.1808600      0.1979324    
           1  8.8229999E-02  8.4261559E-02
           1  7.8957498E-02  7.2233044E-02
           1  6.8654999E-02  7.0328921E-02
           1  0.2930000      0.2284901    
           1  0.2501000      0.2132899    
           1  0.2460050      0.1774240    
           1  0.2778875      0.2507310    
           1  0.1768925      0.2042387    
           1  0.1106350      0.1028103    
           1  0.1080500      9.0270668E-02
           1  0.1722400      0.1813270    
           1  0.2668275      0.2087057    
           1  0.2840225      0.2280027    
           1  0.2523125      0.2112041    
           1  0.2323225      0.2293609    
           1  0.1708200      0.1754171    
           1  0.1197350      0.1009648    
           1  0.1960700      0.1566780    
           1  0.1281150      0.1310922    
           1  0.1608650      0.1442035    
           1  0.1476450      0.1477342    
           1  0.2300850      0.2190352    
           1  0.2174575      0.1801642    
           1  0.2615675      0.1914397    
           1  0.1887900      0.2222117    
           1  0.2689450      0.1709012    
           1  0.1912525      0.1880480    
           1  0.1305700      0.1136194    
           1  5.4542497E-02  5.9217263E-02
           1  0.1305150      0.1215934    
           1  0.1703425      0.1847525    
           1  0.1694375      0.1990536    
           1  0.2283975      0.1949648    
           1  0.2861550      0.1713414    
           1  0.2939325      0.1946470    
           1  0.2946150      0.2488798    
           1  0.2430075      0.2389512    
           1  0.1593925      0.1539121    
           1  9.9812500E-02  0.1137784    
           1  6.5274999E-02  5.8366574E-02
           1  8.8275000E-02  7.5103469E-02
           1  0.1000775      0.1117497    
           1  0.2193150      0.2028689    
           1  0.2926350      0.2308993    
           1  0.2887875      0.2438579    
           1  0.2808400      0.2430196    
           1  0.2028900      0.2329797    
           1  0.1895450      0.1761193    
           1  0.1377050      0.1310213    
           1  0.1308125      0.1423860    
           1  0.1033050      0.1034351    
           1  5.3955000E-02  6.3652717E-02
           1  6.2142499E-02  4.8572186E-02
           1  0.1488350      0.1527914    
           1  0.2645275      0.2597856    
           1  0.2703075      0.2091213    
           1  0.2193200      0.2212170    
           1  0.2356075      0.1994962    
           1  0.2442450      0.2298222    
           1  0.1842975      0.1789725    
           1  6.3395001E-02  7.6643310E-02
           1  5.4935001E-02  6.5452687E-02
           1  7.8340001E-02  8.9889027E-02
           1  0.1411525      0.1567113    
           1  0.1757475      0.1727530    
           1  0.2502775      0.2378360    
           1  0.2865550      0.1832538    
           1  0.2834025      0.2067519    
           1  0.2889050      0.2143419    
           1  0.1745800      0.1555522    
           1  0.1365075      0.1166124    
           1  0.1061300      0.1198630    
           1  0.1163300      0.1206777    
           1  0.1592425      0.1614853    
           1  0.2136925      0.1941752    
           1  0.2115375      0.1584141    
           1  0.2220400      0.2049171    
           1  0.1044800      9.9297002E-02
           1  0.2147800      0.1765760    
           1  0.2015500      0.1695896    
           1  0.2306000      0.1743721    
