  0.0000000E+00
  0.0000000E+00
  0.0000000E+00
  0.0000000E+00
  0.0000000E+00
  0.0000000E+00
  0.0000000E+00
  0.1470125    
  0.1392089    
  3.6061820E-02
  0.0000000E+00
  0.0000000E+00
  0.0000000E+00
  0.0000000E+00
  0.0000000E+00
  2.7822847E-02
  0.2463631    
  8.8931650E-02
  0.1579230    
  0.2372189    
  0.0000000E+00
  0.0000000E+00
  0.0000000E+00
  0.0000000E+00
  4.6180200E-02
  5.8324736E-02
  0.2570864    
  0.1448984    
  0.1578502    
  0.1446306    
  0.0000000E+00
  0.0000000E+00
  0.0000000E+00
  0.2907383    
  0.2645152    
  0.2128241    
  0.1406666    
  1.0856213E-02
  1.7831517E-02
  0.2727440    
  0.0000000E+00
  0.0000000E+00
  1.5048327E-02
  5.5624060E-02
  6.8528242E-02
  0.1615533    
  0.1400688    
  0.2674249    
  4.2210609E-02
  5.3987142E-02
  0.0000000E+00
  0.0000000E+00
  0.1462721    
  8.0039755E-02
  0.2946167    
  0.1240753    
  8.7521471E-02
  0.1481817    
  0.1265939    
  0.2412793    
  0.0000000E+00
  0.0000000E+00
  0.1271989    
  0.2395068    
  9.1928333E-02
  0.2538274    
  0.2772481    
  0.2294596    
  0.1019329    
  0.2387460    
  0.0000000E+00
  0.1656136    
  0.1113345    
  0.1709742    
  0.1685520    
  0.1828363    
  0.2501640    
  0.2580284    
  0.1260367    
  3.4266081E-02
  0.0000000E+00
  2.6051534E-02
  0.2455477    
  2.0475067E-02
  0.2919069    
  5.9630442E-02
  0.1179610    
  3.1934731E-02
  0.2379840    
  0.1543737    
  0.0000000E+00
  1.8446667E-02
  1.9489223E-02
  0.2047452    
  9.9061519E-02
  0.1284148    
  0.2223813    
  0.2084672    
  0.1130446    
  4.4026084E-02
  0.0000000E+00
  9.4336636E-02
  0.2899242    
  0.2088842    
  5.9611239E-02
  0.2155740    
  7.3984310E-02
  0.1120276    
  0.2250368    
  0.1003302    
  0.1492755    
  0.1159038    
  0.1614892    
  0.1020105    
  0.1543206    
  3.8938385E-02
  7.3297210E-02
  0.1605445    
  0.1152473    
  0.2951174    
  0.2233824    
  0.1010568    
  0.1298490    
  5.3628135E-02
  0.2377253    
  0.2136178    
  0.2730740    
  0.1124719    
  7.0836976E-02
  0.0000000E+00
  0.0000000E+00
  0.2987593    
  0.2961394    
  5.0414298E-02
  0.1027923    
  0.1240284    
  3.3550173E-02
  0.0000000E+00
  0.0000000E+00
  0.0000000E+00
  0.0000000E+00
  0.0000000E+00
  0.0000000E+00
  0.0000000E+00
  0.0000000E+00
  0.0000000E+00
  0.0000000E+00
  8.2208268E-02
  9.2977822E-02
  1.2746093E-02
  0.0000000E+00
  0.0000000E+00
  0.0000000E+00
  0.0000000E+00
  0.0000000E+00
  7.9122335E-02
  0.1410380    
  0.1136801    
  0.1298502    
  0.1245198    
  0.0000000E+00
  0.0000000E+00
  0.0000000E+00
  0.0000000E+00
  0.1353674    
  0.1396080    
  0.1687029    
  8.1776455E-02
  8.7146297E-02
  0.1441733    
  0.0000000E+00
  0.0000000E+00
  0.0000000E+00
  5.3557500E-02
  9.6089676E-02
  0.1168945    
  5.2549236E-02
  0.1396422    
  0.1039473    
  8.8919945E-02
  0.0000000E+00
  0.0000000E+00
  3.6080875E-02
  4.5844231E-02
  0.1594545    
  2.6679404E-02
  9.8506175E-02
  0.1512201    
  0.1477349    
  0.1495071    
  0.0000000E+00
  0.0000000E+00
  9.4002135E-02
  0.1323892    
  1.8627869E-02
  0.1407209    
  0.1041559    
  0.1516789    
  3.1748883E-02
  8.0258809E-02
  0.0000000E+00
  0.0000000E+00
  0.1628286    
  8.4756084E-02
  5.4323778E-02
  6.3378640E-02
  7.2607681E-02
  0.1536592    
  0.1693864    
  0.1174908    
  0.0000000E+00
  0.1155566    
  4.3625314E-02
  0.1621826    
  3.7345294E-02
  1.5849307E-02
  0.1186855    
  0.1288764    
  4.2324420E-02
  0.1216700    
  0.0000000E+00
  9.3432836E-02
  1.4746867E-02
  0.1324698    
  7.9249032E-02
  3.8415845E-02
  0.1092662    
  9.4353355E-02
  8.7323032E-02
  0.1090507    
  0.0000000E+00
  4.6578474E-02
  2.7976792E-02
  5.5018611E-02
  7.9717442E-02
  0.1121037    
  1.6430652E-02
  0.1197192    
  1.6092677E-02
  0.1463058    
  0.0000000E+00
  6.4866774E-02
  0.1669040    
  7.6117866E-02
  0.1348080    
  0.1272223    
  0.1555941    
  0.1193327    
  9.4968393E-02
  1.0780302E-02
  0.1395878    
  0.1632709    
  0.1507644    
  4.6282347E-02
  8.3999954E-02
  0.1153865    
  3.4590937E-02
  0.1115365    
  4.9077835E-02
  9.5534898E-02
  9.4813794E-02
  0.1256013    
  0.1227762    
  2.4423568E-02
  8.6414613E-02
  0.1466065    
  0.1529608    
  7.1257047E-02
  7.1284316E-02
  0.0000000E+00
  0.0000000E+00
  0.1430594    
  0.1684844    
  0.1617176    
  0.1479888    
  7.1116544E-02
  0.1282941    
  0.0000000E+00
  0.0000000E+00
  0.0000000E+00
  0.0000000E+00
  0.0000000E+00
  0.0000000E+00
  0.0000000E+00
  0.0000000E+00
  0.0000000E+00
  0.0000000E+00
  0.0000000E+00
  0.0000000E+00
  0.0000000E+00
  0.0000000E+00
  0.0000000E+00
  0.0000000E+00
  0.0000000E+00
  0.0000000E+00
  0.0000000E+00
  0.0000000E+00
  0.1908743    
  0.1889680    
  0.2329603    
  0.0000000E+00
  0.0000000E+00
  0.0000000E+00
  0.0000000E+00
  0.0000000E+00
  0.1289335    
  0.2625203    
  0.1841548    
  2.6202140E-02
  0.2288782    
  0.0000000E+00
  0.0000000E+00
  0.0000000E+00
  0.0000000E+00
  0.1294902    
  0.2155804    
  5.3196307E-02
  9.7998694E-02
  5.1980663E-02
  0.1191315    
  0.0000000E+00
  0.0000000E+00
  0.0000000E+00
  6.9798023E-02
  0.2240786    
  9.5857367E-02
  0.2450902    
  6.8044059E-02
  0.2073511    
  0.1051682    
  0.0000000E+00
  0.0000000E+00
  0.0000000E+00
  0.1623230    
  5.1219154E-02
  2.9386608E-02
  0.1513322    
  0.2859598    
  0.1020378    
  2.6317041E-02
  0.0000000E+00
  0.0000000E+00
  0.1286674    
  0.1254469    
  0.2524323    
  0.1193985    
  0.1331756    
  0.2077018    
  0.1899053    
  0.2324933    
  0.0000000E+00
  0.0000000E+00
  0.2229067    
  0.1901680    
  0.1252087    
  0.2909780    
  7.6172508E-02
  5.7806365E-02
  0.2834409    
  0.2406820    
  0.0000000E+00
  0.2587988    
  0.1902024    
  0.1959238    
  0.2265885    
  0.2663828    
  0.2062390    
  0.1734211    
  6.7103565E-02
  6.5200761E-02
  0.0000000E+00
  0.2750435    
  9.0510540E-02
  7.1800224E-02
  0.1061920    
  0.2953885    
  0.2755708    
  3.6974717E-02
  9.6897714E-02
  3.0580798E-02
  0.0000000E+00
  0.2518313    
  4.5891855E-02
  0.1173807    
  0.2870128    
  0.1687964    
  0.2572863    
  0.1309452    
  0.2832849    
  0.2893613    
  0.0000000E+00
  0.1003706    
  9.2653133E-02
  0.2071518    
  6.2246483E-02
  1.0374808E-02
  0.1301386    
  0.1227573    
  0.2490003    
  0.2434410    
  0.0000000E+00
  0.1937767    
  1.0296997E-02
  0.2970763    
  0.1220443    
  2.5777921E-02
  3.7929080E-02
  0.1558211    
  0.1325674    
  0.0000000E+00
  0.0000000E+00
  0.0000000E+00
  0.0000000E+00
  0.1934315    
  0.2828875    
  0.1330301    
  6.8187818E-02
  0.0000000E+00
  0.0000000E+00
  0.0000000E+00
  0.0000000E+00
  0.0000000E+00
  0.0000000E+00
  0.0000000E+00
  0.0000000E+00
  0.0000000E+00
  0.0000000E+00
  0.0000000E+00
  0.0000000E+00
  0.0000000E+00
  0.0000000E+00
  0.0000000E+00
  0.0000000E+00
  0.0000000E+00
  0.0000000E+00
  0.0000000E+00
  0.0000000E+00
  0.1466081    
  0.1909548    
  0.1559425    
  0.0000000E+00
  0.0000000E+00
  0.0000000E+00
  0.0000000E+00
  0.0000000E+00
  8.5381173E-02
  0.1003862    
  5.8608573E-02
  0.1992449    
  0.1493291    
  0.0000000E+00
  0.0000000E+00
  0.0000000E+00
  0.0000000E+00
  0.1281503    
  7.0455387E-02
  0.1455666    
  3.2362975E-02
  0.1819421    
  0.1388317    
  0.0000000E+00
  0.0000000E+00
  0.0000000E+00
  0.1341125    
  9.8972797E-02
  0.1175209    
  5.9918378E-02
  0.1849245    
  2.1993838E-02
  0.2003201    
  0.0000000E+00
  0.0000000E+00
  0.0000000E+00
  0.2002335    
  0.1544360    
  9.0913080E-02
  0.1174738    
  0.1808631    
  0.1615765    
  4.8005793E-02
  0.0000000E+00
  0.0000000E+00
  6.1252195E-02
  2.9789474E-02
  4.2063110E-02
  0.1314774    
  0.1710241    
  7.0774205E-02
  0.1835547    
  0.1194696    
  0.0000000E+00
  0.0000000E+00
  0.1482674    
  7.6750301E-02
  4.5668345E-02
  6.7317262E-02
  0.1134893    
  1.2894882E-02
  0.1147894    
  0.1156951    
  0.0000000E+00
  2.5718791E-02
  8.3548687E-02
  0.1044316    
  0.1962169    
  0.1225909    
  0.1819779    
  0.1599429    
  9.9140838E-02
  0.1864592    
  0.0000000E+00
  0.1024969    
  0.1120174    
  8.7679498E-02
  0.1393217    
  0.1963903    
  6.6258848E-02
  0.1027184    
  0.1557699    
  0.1892870    
  0.0000000E+00
  8.5617796E-02
  1.3129406E-02
  5.8265157E-02
  5.9581593E-02
  0.2187562    
  0.1952915    
  0.1590719    
  6.9254398E-02
  7.5300664E-02
  0.0000000E+00
  0.1287155    
  6.1856788E-02
  0.2117164    
  0.1396383    
  0.1786737    
  1.5431351E-02
  0.1865606    
  0.1675322    
  3.7034445E-02
  0.0000000E+00
  5.9569195E-02
  0.1479042    
  1.2375841E-02
  6.2769488E-02
  0.1467292    
  0.1569159    
  0.2029337    
  2.5946850E-02
  0.0000000E+00
  0.0000000E+00
  0.0000000E+00
  0.0000000E+00
  6.1210003E-02
  0.1670082    
  0.1804799    
  8.1992924E-02
  0.0000000E+00
  0.0000000E+00
  0.0000000E+00
  0.0000000E+00
  0.0000000E+00
  0.0000000E+00
  0.0000000E+00
  0.0000000E+00
  0.0000000E+00
  0.0000000E+00
  0.0000000E+00
  0.0000000E+00
  0.0000000E+00
  0.0000000E+00
  0.0000000E+00
  0.0000000E+00
  0.0000000E+00
  0.0000000E+00
  0.0000000E+00
  0.0000000E+00
  8.0320828E-02
  5.9271507E-02
  0.1645528    
  0.0000000E+00
  0.0000000E+00
  0.0000000E+00
  0.0000000E+00
  0.0000000E+00
  0.1270404    
  0.2849661    
  7.8113370E-02
  0.2151110    
  0.2512977    
  0.0000000E+00
  0.0000000E+00
  0.0000000E+00
  0.0000000E+00
  3.0491875E-02
  5.7400141E-02
  5.6556121E-02
  0.2378627    
  7.6698564E-02
  0.2950641    
  0.0000000E+00
  0.0000000E+00
  0.0000000E+00
  1.3956025E-02
  0.1392240    
  0.1667376    
  2.4731491E-02
  0.1530629    
  0.1046668    
  2.6961870E-02
  0.0000000E+00
  0.0000000E+00
  0.0000000E+00
  0.2913743    
  0.2725525    
  0.1604362    
  0.2924061    
  0.1941770    
  3.4464519E-02
  0.1546853    
  0.0000000E+00
  0.0000000E+00
  0.2495380    
  0.2877061    
  0.1083023    
  0.1557563    
  5.2045971E-02
  7.5484827E-02
  8.7894157E-02
  0.1233069    
  0.0000000E+00
  0.0000000E+00
  0.2108266    
  0.1007653    
  0.2681943    
  0.1848779    
  0.2406763    
  0.2908071    
  0.2841773    
  0.2517591    
  0.0000000E+00
  3.7423052E-02
  0.1013423    
  9.4006918E-02
  1.3054918E-02
  3.9781876E-02
  0.1034790    
  0.1123601    
  0.1470341    
  2.1583706E-02
  0.0000000E+00
  0.2180238    
  0.1375817    
  0.2548617    
  0.2693853    
  0.1475668    
  0.1106789    
  5.1458646E-02
  0.1566784    
  0.2165110    
  0.0000000E+00
  0.2826043    
  0.2497981    
  0.2525048    
  0.2232002    
  7.7470534E-02
  0.1990190    
  8.0382682E-02
  0.1349675    
  0.2142555    
  0.0000000E+00
  1.1150058E-02
  9.5799409E-02
  0.1157449    
  0.2590178    
  0.1250992    
  6.2769555E-02
  7.3773824E-02
  5.6218013E-02
  0.2084816    
  0.0000000E+00
  0.1131361    
  0.2841361    
  0.1713877    
  0.1335213    
  0.2323242    
  0.2995413    
  0.2049647    
  8.6833909E-02
  0.0000000E+00
  0.0000000E+00
  0.0000000E+00
  0.0000000E+00
  0.1278006    
  0.1952550    
  0.1510503    
  2.9421199E-02
  0.0000000E+00
  0.0000000E+00
  0.0000000E+00
