  0.0000000E+00
  0.0000000E+00
  0.0000000E+00
  0.0000000E+00
  0.0000000E+00
  0.0000000E+00
  0.0000000E+00
  0.1860276    
  0.1629800    
  6.5696128E-02
  0.0000000E+00
  0.0000000E+00
  0.0000000E+00
  0.0000000E+00
  0.0000000E+00
  4.3267235E-02
  0.1446473    
  0.1814101    
  0.1684375    
  8.6124383E-02
  0.0000000E+00
  0.0000000E+00
  0.0000000E+00
  0.0000000E+00
  0.1547022    
  0.1263285    
  9.4631165E-02
  0.1794051    
  0.1752363    
  0.1945508    
  0.0000000E+00
  0.0000000E+00
  0.0000000E+00
  0.1969166    
  0.1811452    
  0.2137705    
  8.0873914E-02
  0.1646827    
  0.2009586    
  0.1513938    
  0.0000000E+00
  0.0000000E+00
  0.1731474    
  0.2211657    
  0.1657453    
  0.2304776    
  9.4007030E-02
  6.0325757E-02
  0.2175895    
  0.2180757    
  0.0000000E+00
  0.0000000E+00
  0.2077916    
  0.2189575    
  0.2212989    
  0.1514544    
  0.1615866    
  9.2494071E-02
  0.1607867    
  0.1669703    
  0.0000000E+00
  0.0000000E+00
  0.1857683    
  0.1680337    
  0.2101130    
  0.1275273    
  0.1157416    
  0.1496035    
  0.1419983    
  0.1711794    
  0.0000000E+00
  1.9005219E-02
  7.3345155E-02
  0.1841209    
  0.1833779    
  0.2223451    
  0.1144619    
  0.1201201    
  9.0206251E-02
  0.2009775    
  0.0000000E+00
  1.4300834E-02
  5.5123799E-02
  5.7976402E-02
  0.1703926    
  0.1798384    
  0.2234701    
  0.1538120    
  9.8953269E-02
  0.1889695    
  0.0000000E+00
  4.7590662E-02
  3.4323096E-02
  4.4669740E-02
  8.1028596E-02
  0.1722359    
  0.1976811    
  0.1782896    
  0.1593361    
  0.1657567    
  0.0000000E+00
  2.9659577E-02
  9.1425151E-02
  9.4149575E-02
  5.9832953E-02
  6.1949790E-02
  0.1736163    
  0.1851967    
  0.2797618    
  0.2102537    
  6.7691267E-02
  2.1200564E-02
  7.7826723E-02
  0.1898838    
  4.6709169E-02
  5.9621304E-02
  0.1456677    
  0.2064034    
  0.1702009    
  0.1975327    
  6.3834079E-02
  2.1106092E-02
  5.4424770E-02
  0.1133234    
  6.6457346E-02
  2.5138482E-02
  7.1798883E-02
  0.2129040    
  0.2159580    
  0.0000000E+00
  0.0000000E+00
  9.0034127E-02
  4.8229139E-02
  3.7769035E-02
  0.1548930    
  7.8171030E-02
  4.3149170E-02
  0.0000000E+00
  0.0000000E+00
  0.0000000E+00
  0.0000000E+00
  0.0000000E+00
  0.0000000E+00
  0.0000000E+00
  0.0000000E+00
  0.0000000E+00
  0.0000000E+00
  7.7912606E-02
  9.1686562E-02
  7.6851457E-02
  0.0000000E+00
  0.0000000E+00
  0.0000000E+00
  0.0000000E+00
  0.0000000E+00
  0.1015678    
  9.0972401E-02
  7.3517747E-02
  5.1341016E-02
  3.9196059E-02
  0.0000000E+00
  0.0000000E+00
  0.0000000E+00
  0.0000000E+00
  0.1142589    
  0.1459692    
  0.1586444    
  0.1459688    
  6.4902090E-02
  3.0288927E-02
  0.0000000E+00
  0.0000000E+00
  0.0000000E+00
  0.1329843    
  0.1436283    
  0.1144157    
  0.1456820    
  0.1137362    
  5.7229102E-02
  3.3266317E-02
  0.0000000E+00
  0.0000000E+00
  8.3328292E-02
  0.1066042    
  0.1200819    
  7.8352332E-02
  7.0431210E-02
  9.1566697E-02
  8.5503623E-02
  2.8166026E-02
  0.0000000E+00
  0.0000000E+00
  6.9988653E-02
  2.8849266E-02
  4.6860911E-02
  7.1526721E-02
  9.7664773E-02
  0.1008092    
  0.1005286    
  2.8729614E-02
  0.0000000E+00
  0.0000000E+00
  5.3427905E-02
  1.9793037E-02
  3.5832431E-02
  3.2156989E-02
  3.8043775E-02
  9.9508181E-02
  6.4966649E-02
  4.4948012E-02
  0.0000000E+00
  4.7690034E-02
  8.3414853E-02
  2.4205288E-02
  2.5648655E-02
  2.8531674E-02
  1.6367549E-02
  3.0189730E-02
  7.1684502E-02
  7.5467095E-02
  0.0000000E+00
  4.7958679E-02
  3.4403402E-02
  6.3978955E-02
  4.9674641E-02
  7.4504927E-02
  3.7572991E-02
  3.8409915E-02
  3.8913630E-02
  4.5551538E-02
  0.0000000E+00
  2.8202891E-02
  4.0330604E-02
  6.4316750E-02
  5.3700332E-02
  2.8859384E-02
  4.4069484E-02
  0.1024810    
  8.1231654E-02
  7.6388597E-02
  0.0000000E+00
  9.0018108E-02
  5.8961093E-02
  0.1111613    
  8.9740038E-02
  3.9814841E-02
  5.4830145E-02
  8.6374074E-02
  8.9512378E-02
  0.1150264    
  7.4299961E-02
  8.7204367E-02
  0.1098372    
  0.1070894    
  8.5741132E-02
  6.9741845E-02
  6.1338998E-02
  7.9408392E-02
  6.4266264E-02
  4.9061403E-02
  7.6683380E-02
  4.0999956E-02
  3.9536417E-02
  7.1572997E-02
  8.9026958E-02
  6.8830714E-02
  8.8977024E-02
  9.7647548E-02
  0.1017128    
  0.0000000E+00
  0.0000000E+00
  3.8527779E-02
  6.0483597E-02
  0.1371347    
  9.9598050E-02
  8.1687771E-02
  0.1620232    
  0.0000000E+00
  0.0000000E+00
  0.0000000E+00
  0.0000000E+00
  0.0000000E+00
  0.0000000E+00
  0.0000000E+00
  0.0000000E+00
  0.0000000E+00
  0.0000000E+00
  0.0000000E+00
  0.0000000E+00
  0.0000000E+00
  0.0000000E+00
  0.0000000E+00
  0.0000000E+00
  0.0000000E+00
  0.0000000E+00
  0.0000000E+00
  0.0000000E+00
  0.1983667    
  0.2399352    
  0.2326206    
  0.0000000E+00
  0.0000000E+00
  0.0000000E+00
  0.0000000E+00
  0.0000000E+00
  9.9935666E-02
  0.2330357    
  0.2238302    
  0.2110302    
  0.2178372    
  0.0000000E+00
  0.0000000E+00
  0.0000000E+00
  0.0000000E+00
  0.1470148    
  0.1463151    
  0.1431912    
  0.1212033    
  0.1805157    
  0.2313946    
  0.0000000E+00
  0.0000000E+00
  0.0000000E+00
  0.1864902    
  0.1716726    
  0.2121172    
  0.1034335    
  0.1052901    
  0.1693698    
  0.1671373    
  0.0000000E+00
  0.0000000E+00
  0.0000000E+00
  0.1241932    
  0.2288637    
  0.1679465    
  0.1623692    
  9.3332201E-02
  0.1301297    
  0.2271709    
  0.0000000E+00
  0.0000000E+00
  0.1100747    
  8.5753351E-02
  0.1305536    
  0.2040648    
  0.1534586    
  0.2194979    
  0.1332312    
  0.2148575    
  0.0000000E+00
  0.0000000E+00
  5.7583094E-02
  0.1100737    
  0.1383062    
  0.1506146    
  0.1909509    
  0.1818021    
  0.1749121    
  0.1432730    
  0.0000000E+00
  0.1700186    
  8.0332704E-02
  3.7137590E-02
  7.9442248E-02
  0.1043125    
  0.1353562    
  0.1693473    
  0.2171195    
  0.2170495    
  0.0000000E+00
  0.2311668    
  0.1750185    
  0.1092788    
  3.3293404E-02
  3.8551986E-02
  0.1066316    
  0.1605496    
  0.2256904    
  0.1686730    
  0.0000000E+00
  0.1930637    
  0.2210627    
  0.1681859    
  0.1196857    
  5.7014100E-02
  4.2195484E-02
  0.1071317    
  0.1713098    
  0.2003990    
  0.0000000E+00
  0.1468484    
  0.2360371    
  0.2229353    
  0.1592306    
  0.1893139    
  0.1182652    
  0.1111560    
  0.1168701    
  8.4018677E-02
  0.0000000E+00
  0.1003485    
  0.2244221    
  0.2008794    
  0.1813797    
  0.1874429    
  0.1634825    
  0.1226832    
  0.1379430    
  0.0000000E+00
  0.0000000E+00
  0.0000000E+00
  0.0000000E+00
  0.2050793    
  0.1726314    
  0.2033565    
  0.2383355    
  0.0000000E+00
  0.0000000E+00
  0.0000000E+00
  0.0000000E+00
  0.0000000E+00
  0.0000000E+00
  0.0000000E+00
  0.0000000E+00
  0.0000000E+00
  0.0000000E+00
  0.0000000E+00
  0.0000000E+00
  0.0000000E+00
  0.0000000E+00
  0.0000000E+00
  0.0000000E+00
  0.0000000E+00
  0.0000000E+00
  0.0000000E+00
  0.0000000E+00
  0.1512834    
  0.1071558    
  9.8407239E-02
  0.0000000E+00
  0.0000000E+00
  0.0000000E+00
  0.0000000E+00
  0.0000000E+00
  0.1709081    
  0.1320679    
  0.1518933    
  0.1173687    
  0.1079692    
  0.0000000E+00
  0.0000000E+00
  0.0000000E+00
  0.0000000E+00
  7.1392260E-02
  0.1197433    
  0.2275263    
  0.1879434    
  0.1596159    
  0.1464917    
  0.0000000E+00
  0.0000000E+00
  0.0000000E+00
  1.6648659E-02
  4.7154292E-02
  0.1186193    
  0.1522958    
  0.1627343    
  0.1916195    
  0.1491616    
  0.0000000E+00
  0.0000000E+00
  0.0000000E+00
  3.2639310E-02
  5.0051190E-02
  7.9068139E-02
  0.1584698    
  0.2011906    
  0.1305622    
  0.1511795    
  0.0000000E+00
  0.0000000E+00
  7.6338619E-02
  3.5246510E-02
  0.1045630    
  0.1439501    
  0.1365174    
  5.9031218E-02
  8.3408013E-02
  0.1228323    
  0.0000000E+00
  0.0000000E+00
  0.1169014    
  5.3567953E-02
  0.1747534    
  0.1170829    
  9.5632762E-02
  2.4860268E-02
  9.2719570E-02
  9.2762411E-02
  0.0000000E+00
  4.8940346E-02
  5.1405180E-02
  0.1514491    
  0.1400238    
  0.1679201    
  0.1002664    
  8.4400341E-02
  8.7047279E-02
  0.1130271    
  0.0000000E+00
  5.1672660E-02
  9.8417997E-02
  0.2010203    
  0.1883331    
  0.1256242    
  8.2708403E-02
  0.1209493    
  0.1194526    
  0.2226433    
  0.0000000E+00
  2.6359940E-02
  7.9760939E-02
  0.1549836    
  0.1595782    
  0.1385811    
  0.1014687    
  0.1235761    
  0.1592913    
  0.2037180    
  0.0000000E+00
  4.3568678E-02
  6.9606945E-02
  0.1307982    
  0.1550673    
  0.1093617    
  0.1487758    
  0.1532243    
  0.1644075    
  0.1393555    
  0.0000000E+00
  1.9950528E-02
  3.5276003E-02
  0.1336904    
  0.1215239    
  0.1416434    
  0.1734044    
  0.1656340    
  0.1322223    
  0.0000000E+00
  0.0000000E+00
  0.0000000E+00
  0.0000000E+00
  0.1592728    
  6.5525949E-02
  8.5225314E-02
  9.5737152E-02
  0.0000000E+00
  0.0000000E+00
  0.0000000E+00
  0.0000000E+00
  0.0000000E+00
  0.0000000E+00
  0.0000000E+00
  0.0000000E+00
  0.0000000E+00
  0.0000000E+00
  0.0000000E+00
  0.0000000E+00
  0.0000000E+00
  0.0000000E+00
  0.0000000E+00
  0.0000000E+00
  0.0000000E+00
  0.0000000E+00
  0.0000000E+00
  0.0000000E+00
  1.5965791E-02
  7.0497185E-02
  8.2971051E-02
  0.0000000E+00
  0.0000000E+00
  0.0000000E+00
  0.0000000E+00
  0.0000000E+00
  0.1826146    
  0.2027385    
  4.6871908E-02
  4.2080618E-02
  0.1218497    
  0.0000000E+00
  0.0000000E+00
  0.0000000E+00
  0.0000000E+00
  0.1856968    
  0.2274322    
  0.2201668    
  8.9384079E-02
  9.4947673E-02
  7.3496029E-02
  0.0000000E+00
  0.0000000E+00
  0.0000000E+00
  0.1910098    
  0.2033860    
  0.2304262    
  0.2091967    
  0.1685016    
  0.1329592    
  0.1218016    
  0.0000000E+00
  0.0000000E+00
  0.0000000E+00
  0.1590962    
  0.2315916    
  0.2033460    
  0.2142483    
  0.2290011    
  0.2059449    
  0.1205954    
  0.0000000E+00
  0.0000000E+00
  0.2261446    
  0.1260418    
  0.1402375    
  0.1382213    
  0.2338240    
  0.2155216    
  0.2109745    
  0.2209840    
  0.0000000E+00
  0.0000000E+00
  0.2166662    
  0.2474086    
  0.1648281    
  5.3425796E-02
  0.1427121    
  0.1438538    
  0.1570404    
  0.1828440    
  0.0000000E+00
  0.1707995    
  0.2183022    
  0.2550506    
  0.2390654    
  0.1479387    
  0.1187410    
  5.6206495E-02
  7.1575537E-02
  0.1205498    
  0.0000000E+00
  0.1753244    
  0.2480045    
  0.2514186    
  0.2000882    
  0.1731875    
  0.2092633    
  0.1459129    
  0.1554900    
  0.1097249    
  0.0000000E+00
  5.1464796E-02
  6.7219511E-02
  0.1265617    
  0.2593980    
  0.1831980    
  0.1782503    
  0.2256269    
  0.1810447    
  0.2192429    
  0.0000000E+00
  5.5878222E-02
  5.7214014E-02
  9.3349770E-02
  0.1713779    
  0.2064718    
  0.2585334    
  0.2149858    
  0.2325699    
  0.2294189    
  0.0000000E+00
  0.2134938    
  0.1649701    
  0.1014163    
  0.1052264    
  0.1634997    
  0.2020509    
  0.1991874    
  0.1797336    
  0.0000000E+00
  0.0000000E+00
  0.0000000E+00
  0.0000000E+00
  0.1239532    
  0.2207613    
  0.2270957    
  0.2125902    
  0.0000000E+00
  0.0000000E+00
  0.0000000E+00
