  0.3000000    
  0.3000000    
  0.3000000    
  0.3000000    
  0.3000000    
  0.3000000    
  0.3000000    
  0.3000000    
  0.3000000    
  0.3000000    
  0.3000000    
  0.3000000    
  0.3000000    
  0.3000000    
  0.3000000    
  0.3000000    
  0.3000000    
  0.3000000    
  0.3000000    
  0.3000000    
  0.3000000    
  0.3000000    
  0.3000000    
  0.3000000    
  0.3000000    
  0.3000000    
  0.3000000    
  0.3000000    
  0.3000000    
  0.3000000    
  0.3000000    
  0.3000000    
  0.3000000    
  0.3000000    
  0.3000000    
  0.3000000    
  0.3000000    
  0.3000000    
  0.3000000    
  0.3000000    
  0.3000000    
  0.3000000    
  0.3000000    
  0.3000000    
  0.3000000    
  0.3000000    
  0.3000000    
  0.3000000    
  0.3000000    
  0.3000000    
  0.3000000    
  0.3000000    
  0.3000000    
  0.3000000    
  0.3000000    
  0.3000000    
  0.3000000    
  0.3000000    
  0.3000000    
  0.3000000    
  0.3000000    
  0.3000000    
  0.3000000    
  0.3000000    
  0.3000000    
  0.3000000    
  0.3000000    
  9.3840003E-02
  0.1632000    
  0.3000000    
  0.3000000    
  0.3000000    
  0.3000000    
  0.3000000    
  0.3000000    
  0.3000000    
  0.3000000    
  0.3000000    
  0.3000000    
  0.3000000    
  0.3000000    
  0.3000000    
  0.3000000    
  0.3000000    
  0.1734000    
  0.3000000    
  0.3000000    
  0.3000000    
  0.3000000    
  0.3000000    
  0.3000000    
  0.3000000    
  0.3000000    
  0.3000000    
  0.3000000    
  0.3000000    
  0.3000000    
  0.3000000    
  0.3000000    
  0.3000000    
  0.3000000    
  0.3000000    
  0.3000000    
  0.3000000    
  6.1200000E-02
  0.3000000    
  0.3000000    
  0.3000000    
  0.2856000    
  0.3000000    
  0.3000000    
  0.3000000    
  0.3000000    
  0.3000000    
  0.3000000    
  6.1200000E-02
  0.3000000    
  0.3000000    
  0.3000000    
  0.3000000    
  0.3000000    
  0.3000000    
  0.3000000    
  0.3000000    
  0.3000000    
  0.3000000    
  0.3000000    
  0.3000000    
  0.3000000    
  0.3000000    
  0.3000000    
  0.3000000    
  0.3000000    
  0.3000000    
  0.3000000    
  0.3000000    
  0.3000000    
  0.3000000    
  0.3000000    
  0.3000000    
  0.1700000    
  0.1700000    
  0.1700000    
  0.1700000    
  0.1700000    
  0.1700000    
  0.1700000    
  0.1700000    
  0.1700000    
  0.1700000    
  0.1700000    
  0.1700000    
  0.1700000    
  0.1700000    
  0.1700000    
  0.1700000    
  0.1700000    
  0.1700000    
  0.1700000    
  0.1700000    
  0.1700000    
  0.1700000    
  0.1700000    
  0.1700000    
  0.1700000    
  0.1700000    
  0.1700000    
  0.1700000    
  0.1700000    
  0.1700000    
  0.1700000    
  0.1700000    
  0.1700000    
  0.1700000    
  0.1700000    
  0.1700000    
  0.1700000    
  0.1700000    
  0.1700000    
  0.1700000    
  0.1700000    
  0.1700000    
  0.1700000    
  0.1700000    
  0.1700000    
  0.1700000    
  0.1700000    
  0.1700000    
  0.1700000    
  0.1700000    
  0.1700000    
  0.1700000    
  0.1700000    
  0.1700000    
  0.1700000    
  0.1700000    
  0.1700000    
  0.1700000    
  0.1700000    
  0.1700000    
  0.1700000    
  0.1700000    
  0.1700000    
  0.1700000    
  0.1700000    
  0.1700000    
  0.1700000    
  0.1020000    
  0.1020000    
  0.1700000    
  0.1700000    
  0.1700000    
  0.1700000    
  0.1700000    
  0.1700000    
  0.1700000    
  0.1700000    
  0.1700000    
  0.1700000    
  0.1700000    
  0.1700000    
  0.1700000    
  0.1700000    
  0.1700000    
  5.0999999E-02
  0.1700000    
  0.1700000    
  0.1700000    
  0.1700000    
  0.1700000    
  0.1700000    
  0.1700000    
  0.1700000    
  0.1700000    
  0.1700000    
  0.1700000    
  0.1700000    
  0.1700000    
  0.1700000    
  0.1700000    
  0.1700000    
  0.1700000    
  0.1700000    
  0.1700000    
  9.1799997E-02
  0.1700000    
  0.1700000    
  0.1700000    
  9.1799997E-02
  0.1700000    
  0.1700000    
  0.1700000    
  0.1700000    
  0.1700000    
  0.1700000    
  7.1400002E-02
  0.1700000    
  0.1700000    
  0.1700000    
  0.1700000    
  0.1700000    
  0.1700000    
  0.1700000    
  0.1700000    
  0.1700000    
  0.1700000    
  0.1700000    
  0.1700000    
  0.1700000    
  0.1700000    
  0.1700000    
  0.1700000    
  0.1700000    
  0.1700000    
  0.1700000    
  0.1700000    
  0.1700000    
  0.1700000    
  0.1700000    
  0.1700000    
  0.3000000    
  0.3000000    
  0.3000000    
  0.3000000    
  0.3000000    
  0.3000000    
  0.3000000    
  0.3000000    
  0.3000000    
  0.3000000    
  0.3000000    
  0.3000000    
  0.3000000    
  0.3000000    
  0.3000000    
  0.3000000    
  0.3000000    
  0.3000000    
  0.3000000    
  0.3000000    
  0.3000000    
  0.3000000    
  0.3000000    
  0.3000000    
  0.3000000    
  0.3000000    
  0.3000000    
  0.3000000    
  0.3000000    
  0.3000000    
  0.3000000    
  0.3000000    
  0.3000000    
  0.3000000    
  0.3000000    
  0.3000000    
  0.3000000    
  0.3000000    
  0.3000000    
  0.3000000    
  0.3000000    
  0.3000000    
  0.3000000    
  0.3000000    
  0.3000000    
  0.3000000    
  0.3000000    
  0.3000000    
  0.3000000    
  0.3000000    
  0.3000000    
  0.3000000    
  0.3000000    
  0.3000000    
  0.3000000    
  0.3000000    
  0.3000000    
  0.3000000    
  0.3000000    
  0.3000000    
  0.3000000    
  0.3000000    
  0.3000000    
  0.3000000    
  0.3000000    
  0.3000000    
  0.3000000    
  9.4860002E-02
  0.1326000    
  0.3000000    
  0.3000000    
  0.3000000    
  0.3000000    
  0.3000000    
  0.3000000    
  0.3000000    
  0.3000000    
  0.3000000    
  0.3000000    
  0.3000000    
  0.3000000    
  0.3000000    
  0.3000000    
  0.3000000    
  8.1600003E-02
  0.3000000    
  0.3000000    
  0.3000000    
  0.3000000    
  0.3000000    
  0.3000000    
  0.3000000    
  0.3000000    
  0.3000000    
  0.3000000    
  0.3000000    
  0.3000000    
  0.3000000    
  0.3000000    
  0.3000000    
  0.3000000    
  0.3000000    
  0.3000000    
  0.3000000    
  0.1224000    
  0.3000000    
  0.3000000    
  0.3000000    
  0.1734000    
  0.3000000    
  0.3000000    
  0.3000000    
  0.3000000    
  0.3000000    
  0.3000000    
  0.1938000    
  0.3000000    
  0.3000000    
  0.3000000    
  0.3000000    
  0.3000000    
  0.3000000    
  0.3000000    
  0.3000000    
  0.3000000    
  0.3000000    
  0.3000000    
  0.3000000    
  0.3000000    
  0.3000000    
  0.3000000    
  0.3000000    
  0.3000000    
  0.3000000    
  0.3000000    
  0.3000000    
  0.3000000    
  0.3000000    
  0.3000000    
  0.3000000    
  0.2200000    
  0.2200000    
  0.2200000    
  0.2200000    
  0.2200000    
  0.2200000    
  0.2200000    
  0.2200000    
  0.2200000    
  0.2200000    
  0.2200000    
  0.2200000    
  0.2200000    
  0.2200000    
  0.2200000    
  0.2200000    
  0.2200000    
  0.2200000    
  0.2200000    
  0.2200000    
  0.2200000    
  0.2200000    
  0.2200000    
  0.2200000    
  0.2200000    
  0.2200000    
  0.2200000    
  0.2200000    
  0.2200000    
  0.2200000    
  0.2200000    
  0.2200000    
  0.2200000    
  0.2200000    
  0.2200000    
  0.2200000    
  0.2200000    
  0.2200000    
  0.2200000    
  0.2200000    
  0.2200000    
  0.2200000    
  0.2200000    
  0.2200000    
  0.2200000    
  0.2200000    
  0.2200000    
  0.2200000    
  0.2200000    
  0.2200000    
  0.2200000    
  0.2200000    
  0.2200000    
  0.2200000    
  0.2200000    
  0.2200000    
  0.2200000    
  0.2200000    
  0.2200000    
  0.2200000    
  0.2200000    
  0.2200000    
  0.2200000    
  0.2200000    
  0.2200000    
  0.2200000    
  0.2200000    
  0.2040000    
  0.1326000    
  0.2200000    
  0.2200000    
  0.2200000    
  0.2200000    
  0.2200000    
  0.2200000    
  0.2200000    
  0.2200000    
  0.2200000    
  0.2200000    
  0.2200000    
  0.2200000    
  0.2200000    
  0.2200000    
  0.2200000    
  0.1428000    
  0.2200000    
  0.2200000    
  0.2200000    
  0.2200000    
  0.2200000    
  0.2200000    
  0.2200000    
  0.2200000    
  0.2200000    
  0.2200000    
  0.2200000    
  0.2200000    
  0.2200000    
  0.2200000    
  0.2200000    
  0.2200000    
  0.2200000    
  0.2200000    
  0.2200000    
  0.1632000    
  0.2200000    
  0.2200000    
  0.2200000    
  0.1632000    
  0.2200000    
  0.2200000    
  0.2200000    
  0.2200000    
  0.2200000    
  0.2200000    
  0.1122000    
  0.2200000    
  0.2200000    
  0.2200000    
  0.2200000    
  0.2200000    
  0.2200000    
  0.2200000    
  0.2200000    
  0.2200000    
  0.2200000    
  0.2200000    
  0.2200000    
  0.2200000    
  0.2200000    
  0.2200000    
  0.2200000    
  0.2200000    
  0.2200000    
  0.2200000    
  0.2200000    
  0.2200000    
  0.2200000    
  0.2200000    
  0.2200000    
  0.3000000    
  0.3000000    
  0.3000000    
  0.3000000    
  0.3000000    
  0.3000000    
  0.3000000    
  0.3000000    
  0.3000000    
  0.3000000    
  0.3000000    
  0.3000000    
  0.3000000    
  0.3000000    
  0.3000000    
  0.3000000    
  0.3000000    
  0.3000000    
  0.3000000    
  0.3000000    
  0.3000000    
  0.3000000    
  0.3000000    
  0.3000000    
  0.3000000    
  0.3000000    
  0.3000000    
  0.3000000    
  0.3000000    
  0.3000000    
  0.3000000    
  0.3000000    
  0.3000000    
  0.3000000    
  0.3000000    
  0.3000000    
  0.3000000    
  0.3000000    
  0.3000000    
  0.3000000    
  0.3000000    
  0.3000000    
  0.3000000    
  0.3000000    
  0.3000000    
  0.3000000    
  0.3000000    
  0.3000000    
  0.3000000    
  0.3000000    
  0.3000000    
  0.3000000    
  0.3000000    
  0.3000000    
  0.3000000    
  0.3000000    
  0.3000000    
  0.3000000    
  0.3000000    
  0.3000000    
  0.3000000    
  0.3000000    
  0.3000000    
  0.3000000    
  0.3000000    
  0.3000000    
  0.3000000    
  0.2346000    
  0.3000000    
  0.3000000    
  0.3000000    
  0.3000000    
  0.3000000    
  0.3000000    
  0.3000000    
  0.3000000    
  0.3000000    
  0.3000000    
  0.3000000    
  0.3000000    
  0.3000000    
  0.3000000    
  0.3000000    
  0.3000000    
  0.2448000    
  0.3000000    
  0.3000000    
  0.3000000    
  0.3000000    
  0.3000000    
  0.3000000    
  0.3000000    
  0.3000000    
  0.3000000    
  0.3000000    
  0.3000000    
  0.3000000    
  0.3000000    
  0.3000000    
  0.3000000    
  0.3000000    
  0.3000000    
  0.3000000    
  0.3000000    
  0.2652000    
  0.3000000    
  0.3000000    
  0.3000000    
  0.3000000    
  0.3000000    
  0.3000000    
  0.3000000    
  0.3000000    
  0.3000000    
  0.3000000    
  0.3000000    
  0.3000000    
  0.3000000    
  0.3000000    
  0.3000000    
  0.3000000    
  0.3000000    
  0.3000000    
  0.3000000    
  0.3000000    
  0.3000000    
  0.3000000    
  0.3000000    
  0.3000000    
  0.3000000    
  0.3000000    
  0.3000000    
  0.3000000    
  0.3000000    
  0.3000000    
  0.3000000    
  0.3000000    
  0.3000000    
  0.3000000    
  0.3000000    
   1000.000    
   1000.000    
   1000.000    
   1000.000    
   1000.000    
   1000.000    
   1000.000    
   1000.000    
   1000.000    
   1000.000    
   1000.000    
   1000.000    
   1000.000    
   1000.000    
   1000.000    
   1000.000    
   1000.000    
   1000.000    
   1000.000    
   1000.000    
   1000.000    
   1000.000    
   1000.000    
   1000.000    
   1000.000    
   1000.000    
   1000.000    
   1000.000    
   1000.000    
   1000.000    
   1000.000    
   1000.000    
   1000.000    
   1000.000    
   1000.000    
   1000.000    
   1000.000    
   1000.000    
   1000.000    
   1000.000    
   1000.000    
   1000.000    
   1000.000    
   1000.000    
   1000.000    
   1000.000    
   1000.000    
   1000.000    
   1000.000    
   1000.000    
   1000.000    
   1000.000    
   1000.000    
   1000.000    
   1000.000    
   1000.000    
   1000.000    
   1000.000    
   1000.000    
   1000.000    
   1000.000    
   1000.000    
   1000.000    
   1000.000    
   1000.000    
   1000.000    
   1000.000    
   30.20220    
   590.7840    
   1000.000    
   1000.000    
   1000.000    
   1000.000    
   1000.000    
   1000.000    
   1000.000    
   1000.000    
   1000.000    
   1000.000    
   1000.000    
   1000.000    
   1000.000    
   1000.000    
   1000.000    
   249.2880    
   1000.000    
   1000.000    
   1000.000    
   1000.000    
   1000.000    
   1000.000    
   1000.000    
   1000.000    
   1000.000    
   1000.000    
   1000.000    
   1000.000    
   1000.000    
   1000.000    
   1000.000    
   1000.000    
   1000.000    
   1000.000    
   1000.000    
   13.30080    
   1000.000    
   1000.000    
   1000.000    
   786.9300    
   1000.000    
   1000.000    
   1000.000    
   1000.000    
   1000.000    
   1000.000    
   19.41060    
   1000.000    
   1000.000    
   1000.000    
   1000.000    
   1000.000    
   1000.000    
   1000.000    
   1000.000    
   1000.000    
   1000.000    
   1000.000    
   1000.000    
   1000.000    
   1000.000    
   1000.000    
   1000.000    
   1000.000    
   1000.000    
   1000.000    
   1000.000    
   1000.000    
   1000.000    
   1000.000    
   1000.000    
   1000.000    
   1000.000    
   1000.000    
   1000.000    
   1000.000    
   1000.000    
   1000.000    
   1000.000    
   1000.000    
   1000.000    
   1000.000    
   1000.000    
   1000.000    
   1000.000    
   1000.000    
   1000.000    
   1000.000    
   1000.000    
   1000.000    
   1000.000    
   1000.000    
   1000.000    
   1000.000    
   1000.000    
   1000.000    
   1000.000    
   1000.000    
   1000.000    
   1000.000    
   1000.000    
   1000.000    
   1000.000    
   1000.000    
   1000.000    
   1000.000    
   1000.000    
   1000.000    
   1000.000    
   1000.000    
   1000.000    
   1000.000    
   1000.000    
   1000.000    
   1000.000    
   1000.000    
   1000.000    
   1000.000    
   1000.000    
   1000.000    
   1000.000    
   1000.000    
   1000.000    
   1000.000    
   1000.000    
   1000.000    
   1000.000    
   1000.000    
   1000.000    
   1000.000    
   1000.000    
   1000.000    
   1000.000    
   1000.000    
   1000.000    
   1000.000    
   1000.000    
   1000.000    
   71.48160    
   24.78600    
   1000.000    
   1000.000    
   1000.000    
   1000.000    
   1000.000    
   1000.000    
   1000.000    
   1000.000    
   1000.000    
   1000.000    
   1000.000    
   1000.000    
   1000.000    
   1000.000    
   1000.000    
   16.08540    
   1000.000    
   1000.000    
   1000.000    
   1000.000    
   1000.000    
   1000.000    
   1000.000    
   1000.000    
   1000.000    
   1000.000    
   1000.000    
   1000.000    
   1000.000    
   1000.000    
   1000.000    
   1000.000    
   1000.000    
   1000.000    
   1000.000    
   72.81780    
   1000.000    
   1000.000    
   1000.000    
   35.55720    
   1000.000    
   1000.000    
   1000.000    
   1000.000    
   1000.000    
   1000.000    
   26.20380    
   1000.000    
   1000.000    
   1000.000    
   1000.000    
   1000.000    
   1000.000    
   1000.000    
   1000.000    
   1000.000    
   1000.000    
   1000.000    
   1000.000    
   1000.000    
   1000.000    
   1000.000    
   1000.000    
   1000.000    
   1000.000    
   1000.000    
   1000.000    
   1000.000    
   1000.000    
   1000.000    
   1000.000    
   1000.000    
   1000.000    
   1000.000    
   1000.000    
   1000.000    
   1000.000    
   1000.000    
   1000.000    
   1000.000    
   1000.000    
   1000.000    
   1000.000    
   1000.000    
   1000.000    
   1000.000    
   1000.000    
   1000.000    
   1000.000    
   1000.000    
   1000.000    
   1000.000    
   1000.000    
   1000.000    
   1000.000    
   1000.000    
   1000.000    
   1000.000    
   1000.000    
   1000.000    
   1000.000    
   1000.000    
   1000.000    
   1000.000    
   1000.000    
   1000.000    
   1000.000    
   1000.000    
   1000.000    
   1000.000    
   1000.000    
   1000.000    
   1000.000    
   1000.000    
   1000.000    
   1000.000    
   1000.000    
   1000.000    
   1000.000    
   1000.000    
   1000.000    
   1000.000    
   1000.000    
   1000.000    
   1000.000    
   1000.000    
   1000.000    
   1000.000    
   1000.000    
   1000.000    
   1000.000    
   1000.000    
   1000.000    
   1000.000    
   1000.000    
   1000.000    
   1000.000    
   1000.000    
   78.58080    
   236.8440    
   1000.000    
   1000.000    
   1000.000    
   1000.000    
   1000.000    
   1000.000    
   1000.000    
   1000.000    
   1000.000    
   1000.000    
   1000.000    
   1000.000    
   1000.000    
   1000.000    
   1000.000    
   50.87760    
   1000.000    
   1000.000    
   1000.000    
   1000.000    
   1000.000    
   1000.000    
   1000.000    
   1000.000    
   1000.000    
   1000.000    
   1000.000    
   1000.000    
   1000.000    
   1000.000    
   1000.000    
   1000.000    
   1000.000    
   1000.000    
   1000.000    
   350.7780    
   1000.000    
   1000.000    
   1000.000    
   272.4420    
   1000.000    
   1000.000    
   1000.000    
   1000.000    
   1000.000    
   1000.000    
   538.7640    
   1000.000    
   1000.000    
   1000.000    
   1000.000    
   1000.000    
   1000.000    
   1000.000    
   1000.000    
   1000.000    
   1000.000    
   1000.000    
   1000.000    
   1000.000    
   1000.000    
   1000.000    
   1000.000    
   1000.000    
   1000.000    
   1000.000    
   1000.000    
   1000.000    
   1000.000    
   1000.000    
   1000.000    
   1000.000    
   1000.000    
   1000.000    
   1000.000    
   1000.000    
   1000.000    
   1000.000    
   1000.000    
   1000.000    
   1000.000    
   1000.000    
   1000.000    
   1000.000    
   1000.000    
   1000.000    
   1000.000    
   1000.000    
   1000.000    
   1000.000    
   1000.000    
   1000.000    
   1000.000    
   1000.000    
   1000.000    
   1000.000    
   1000.000    
   1000.000    
   1000.000    
   1000.000    
   1000.000    
   1000.000    
   1000.000    
   1000.000    
   1000.000    
   1000.000    
   1000.000    
   1000.000    
   1000.000    
   1000.000    
   1000.000    
   1000.000    
   1000.000    
   1000.000    
   1000.000    
   1000.000    
   1000.000    
   1000.000    
   1000.000    
   1000.000    
   1000.000    
   1000.000    
   1000.000    
   1000.000    
   1000.000    
   1000.000    
   1000.000    
   1000.000    
   1000.000    
   1000.000    
   1000.000    
   1000.000    
   1000.000    
   1000.000    
   1000.000    
   1000.000    
   1000.000    
   1000.000    
   244.4940    
   150.8580    
   1000.000    
   1000.000    
   1000.000    
   1000.000    
   1000.000    
   1000.000    
   1000.000    
   1000.000    
   1000.000    
   1000.000    
   1000.000    
   1000.000    
   1000.000    
   1000.000    
   1000.000    
   257.6520    
   1000.000    
   1000.000    
   1000.000    
   1000.000    
   1000.000    
   1000.000    
   1000.000    
   1000.000    
   1000.000    
   1000.000    
   1000.000    
   1000.000    
   1000.000    
   1000.000    
   1000.000    
   1000.000    
   1000.000    
   1000.000    
   1000.000    
   494.0880    
   1000.000    
   1000.000    
   1000.000    
   395.1480    
   1000.000    
   1000.000    
   1000.000    
   1000.000    
   1000.000    
   1000.000    
   160.0380    
   1000.000    
   1000.000    
   1000.000    
   1000.000    
   1000.000    
   1000.000    
   1000.000    
   1000.000    
   1000.000    
   1000.000    
   1000.000    
   1000.000    
   1000.000    
   1000.000    
   1000.000    
   1000.000    
   1000.000    
   1000.000    
   1000.000    
   1000.000    
   1000.000    
   1000.000    
   1000.000    
   1000.000    
   1000.000    
   1000.000    
   1000.000    
   1000.000    
   1000.000    
   1000.000    
   1000.000    
   1000.000    
   1000.000    
   1000.000    
   1000.000    
   1000.000    
   1000.000    
   1000.000    
   1000.000    
   1000.000    
   1000.000    
   1000.000    
   1000.000    
   1000.000    
   1000.000    
   1000.000    
   1000.000    
   1000.000    
   1000.000    
   1000.000    
   1000.000    
   1000.000    
   1000.000    
   1000.000    
   1000.000    
   1000.000    
   1000.000    
   1000.000    
   1000.000    
   1000.000    
   1000.000    
   1000.000    
   1000.000    
   1000.000    
   1000.000    
   1000.000    
   1000.000    
   1000.000    
   1000.000    
   1000.000    
   1000.000    
   1000.000    
   1000.000    
   1000.000    
   1000.000    
   1000.000    
   1000.000    
   1000.000    
   1000.000    
   1000.000    
   1000.000    
   1000.000    
   1000.000    
   1000.000    
   1000.000    
   1000.000    
   1000.000    
   1000.000    
   1000.000    
   1000.000    
   1000.000    
   751.5360    
   1000.000    
   1000.000    
   1000.000    
   1000.000    
   1000.000    
   1000.000    
   1000.000    
   1000.000    
   1000.000    
   1000.000    
   1000.000    
   1000.000    
   1000.000    
   1000.000    
   1000.000    
   1000.000    
   733.1760    
   1000.000    
   1000.000    
   1000.000    
   1000.000    
   1000.000    
   1000.000    
   1000.000    
   1000.000    
   1000.000    
   1000.000    
   1000.000    
   1000.000    
   1000.000    
   1000.000    
   1000.000    
   1000.000    
   1000.000    
   1000.000    
   1000.000    
   607.0020    
   1000.000    
   1000.000    
   1000.000    
   1000.000    
   1000.000    
   1000.000    
   1000.000    
   1000.000    
   1000.000    
   1000.000    
   1000.000    
   1000.000    
   1000.000    
   1000.000    
   1000.000    
   1000.000    
   1000.000    
   1000.000    
   1000.000    
   1000.000    
   1000.000    
   1000.000    
   1000.000    
   1000.000    
   1000.000    
   1000.000    
   1000.000    
   1000.000    
   1000.000    
   1000.000    
   1000.000    
   1000.000    
   1000.000    
   1000.000    
   1000.000    
