  0.0000000E+00
  0.0000000E+00
  0.0000000E+00
  0.0000000E+00
  0.0000000E+00
  0.0000000E+00
  0.0000000E+00
  0.3000000    
  0.2958640    
  8.6048000E-02
  0.0000000E+00
  0.0000000E+00
  0.0000000E+00
  0.0000000E+00
  0.0000000E+00
  8.0554672E-02
  0.3000000    
  0.3000000    
  0.3000000    
  0.1291840    
  0.0000000E+00
  0.0000000E+00
  0.0000000E+00
  0.0000000E+00
  0.2470240    
  0.2388000    
  0.1885040    
  0.3000000    
  0.3000000    
  0.2742320    
  0.0000000E+00
  0.0000000E+00
  0.0000000E+00
  0.3000000    
  0.3000000    
  0.2993280    
  0.1223360    
  0.2175280    
  0.3000000    
  0.2895280    
  0.0000000E+00
  0.0000000E+00
  0.3000000    
  0.3000000    
  0.3000000    
  0.3000000    
  0.1511840    
  9.0344004E-02
  0.3000000    
  0.3000000    
  0.0000000E+00
  0.0000000E+00
  0.2919520    
  0.3000000    
  0.3000000    
  0.2425880    
  0.3000000    
  9.3840003E-02
  0.1632000    
  0.3000000    
  0.0000000E+00
  0.0000000E+00
  0.2632240    
  0.2538040    
  0.3000000    
  0.2593600    
  0.2333960    
  0.2204240    
  0.2496520    
  0.3000000    
  0.0000000E+00
  2.3904001E-02
  0.1295920    
  0.2447240    
  0.3000000    
  0.3000000    
  0.2350920    
  0.2146760    
  0.1703480    
  0.3000000    
  0.0000000E+00
  2.3500001E-02
  7.1779996E-02
  0.1057880    
  0.1734000    
  0.3000000    
  0.3000000    
  0.3000000    
  0.1421320    
  0.3000000    
  0.0000000E+00
  7.1440004E-02
  5.5695999E-02
  9.2459999E-02
  0.1069560    
  0.2281480    
  0.3000000    
  0.3000000    
  0.2983640    
  0.2419640    
  0.0000000E+00
  5.9664000E-02
  0.1293000    
  0.1325840    
  6.1200000E-02
  0.1202600    
  0.3000000    
  0.3000000    
  0.2856000    
  0.3000000    
  0.1061520    
  3.9992001E-02
  0.1569000    
  0.2688560    
  6.8768002E-02
  6.1200000E-02
  0.1976760    
  0.3000000    
  0.3000000    
  0.3000000    
  8.8576004E-02
  3.6592003E-02
  9.0952002E-02
  0.1870600    
  0.1328480    
  4.2135995E-02
  0.1282840    
  0.3000000    
  0.3000000    
  0.0000000E+00
  0.0000000E+00
  0.1720080    
  7.0716009E-02
  5.1919997E-02
  0.2537120    
  0.1058440    
  6.5544002E-02
  0.0000000E+00
  0.0000000E+00
  0.0000000E+00
  0.0000000E+00
  0.0000000E+00
  0.0000000E+00
  0.0000000E+00
  0.0000000E+00
  0.0000000E+00
  0.0000000E+00
  0.1332267    
  0.1307240    
  0.1344107    
  0.0000000E+00
  0.0000000E+00
  0.0000000E+00
  0.0000000E+00
  0.0000000E+00
  0.1947147    
  0.1711880    
  0.1320680    
  8.5816003E-02
  5.1432002E-02
  0.0000000E+00
  0.0000000E+00
  0.0000000E+00
  0.0000000E+00
  0.1712747    
  0.2315240    
  0.2302720    
  0.2078640    
  0.1106000    
  4.7167998E-02
  0.0000000E+00
  0.0000000E+00
  0.0000000E+00
  0.1970133    
  0.2093880    
  0.2227360    
  0.2238840    
  0.2092920    
  0.1034680    
  5.3148001E-02
  0.0000000E+00
  0.0000000E+00
  0.1521600    
  0.1662920    
  0.1691840    
  0.1243960    
  0.1042680    
  0.1555680    
  0.1155120    
  5.4391999E-02
  0.0000000E+00
  0.0000000E+00
  0.1210800    
  5.7631999E-02
  6.2260002E-02
  0.1019680    
  0.1319960    
  0.1020000    
  0.1020000    
  5.7088006E-02
  0.0000000E+00
  0.0000000E+00
  7.4635997E-02
  4.0591996E-02
  5.0383996E-02
  4.4571999E-02
  7.7868000E-02
  0.1438520    
  0.1130840    
  9.6032001E-02
  0.0000000E+00
  9.6533328E-02
  0.1172080    
  3.3120003E-02
  4.6012003E-02
  5.5360001E-02
  2.9352000E-02
  6.1551999E-02
  0.1056680    
  0.1348040    
  0.0000000E+00
  8.5932009E-02
  6.4696006E-02
  0.1052880    
  5.0999999E-02
  0.1002160    
  5.5944003E-02
  7.4280001E-02
  5.3196002E-02
  7.6959997E-02
  0.0000000E+00
  4.5724001E-02
  6.0503997E-02
  0.1105200    
  8.9148000E-02
  4.4971999E-02
  5.9824001E-02
  0.1369040    
  0.1160640    
  0.1362480    
  0.0000000E+00
  0.1158440    
  7.8404002E-02
  0.1517200    
  9.1799997E-02
  5.4295998E-02
  7.7236004E-02
  0.1672480    
  9.1799997E-02
  0.1548480    
  0.1121360    
  0.1179040    
  0.1461280    
  0.1987840    
  0.1498080    
  7.1400002E-02
  8.5780002E-02
  0.1090960    
  0.1286760    
  8.4063999E-02
  0.1527040    
  7.0552006E-02
  6.3376002E-02
  0.1290720    
  0.1389520    
  9.4772004E-02
  0.1727080    
  0.1547960    
  0.1436480    
  0.0000000E+00
  0.0000000E+00
  6.1544001E-02
  0.1278560    
  0.2140840    
  0.1552160    
  0.1344560    
  0.2096640    
  0.0000000E+00
  0.0000000E+00
  0.0000000E+00
  0.0000000E+00
  0.0000000E+00
  0.0000000E+00
  0.0000000E+00
  0.0000000E+00
  0.0000000E+00
  0.0000000E+00
  0.0000000E+00
  0.0000000E+00
  0.0000000E+00
  0.0000000E+00
  0.0000000E+00
  0.0000000E+00
  0.0000000E+00
  0.0000000E+00
  0.0000000E+00
  0.0000000E+00
  0.3000000    
  0.3000000    
  0.3000000    
  0.0000000E+00
  0.0000000E+00
  0.0000000E+00
  0.0000000E+00
  0.0000000E+00
  0.1892640    
  0.3000000    
  0.3000000    
  0.3000000    
  0.3000000    
  0.0000000E+00
  0.0000000E+00
  0.0000000E+00
  0.0000000E+00
  0.2904480    
  0.2461760    
  0.1907120    
  0.2393640    
  0.3000000    
  0.3000000    
  0.0000000E+00
  0.0000000E+00
  0.0000000E+00
  0.3000000    
  0.3000000    
  0.2718240    
  0.1577160    
  0.1471160    
  0.2746440    
  0.3000000    
  0.0000000E+00
  0.0000000E+00
  0.0000000E+00
  0.2285120    
  0.3000000    
  0.3000000    
  0.2847480    
  9.4860002E-02
  0.1326000    
  0.3000000    
  0.0000000E+00
  0.0000000E+00
  0.1944800    
  0.1414200    
  0.2021480    
  0.2879280    
  0.3000000    
  0.3000000    
  0.2176120    
  0.3000000    
  0.0000000E+00
  0.0000000E+00
  0.1028080    
  0.1449280    
  0.2265080    
  0.3000000    
  0.3000000    
  0.3000000    
  0.3000000    
  0.2681200    
  0.0000000E+00
  0.2269840    
  0.1512600    
  6.3856006E-02
  8.1600003E-02
  0.1803720    
  0.2403600    
  0.3000000    
  0.3000000    
  0.3000000    
  0.0000000E+00
  0.3000000    
  0.2396120    
  0.1511760    
  4.9215999E-02
  5.2983999E-02
  0.2062600    
  0.3000000    
  0.3000000    
  0.3000000    
  0.0000000E+00
  0.3000000    
  0.3000000    
  0.2301120    
  0.1224000    
  0.1069080    
  7.0776008E-02
  0.2028720    
  0.1734000    
  0.3000000    
  0.0000000E+00
  0.3000000    
  0.3000000    
  0.3000000    
  0.3000000    
  0.1938000    
  0.1558480    
  0.1672800    
  0.1829000    
  0.1416800    
  0.0000000E+00
  0.1627680    
  0.3000000    
  0.3000000    
  0.3000000    
  0.3000000    
  0.3000000    
  0.1792840    
  0.2520800    
  0.0000000E+00
  0.0000000E+00
  0.0000000E+00
  0.0000000E+00
  0.3000000    
  0.3000000    
  0.3000000    
  0.3000000    
  0.0000000E+00
  0.0000000E+00
  0.0000000E+00
  0.0000000E+00
  0.0000000E+00
  0.0000000E+00
  0.0000000E+00
  0.0000000E+00
  0.0000000E+00
  0.0000000E+00
  0.0000000E+00
  0.0000000E+00
  0.0000000E+00
  0.0000000E+00
  0.0000000E+00
  0.0000000E+00
  0.0000000E+00
  0.0000000E+00
  0.0000000E+00
  0.0000000E+00
  0.1953520    
  0.1977920    
  0.1331200    
  0.0000000E+00
  0.0000000E+00
  0.0000000E+00
  0.0000000E+00
  0.0000000E+00
  0.2277120    
  0.2649000    
  0.2564560    
  0.2195200    
  0.2070800    
  0.0000000E+00
  0.0000000E+00
  0.0000000E+00
  0.0000000E+00
  0.1391360    
  0.2061280    
  0.3000000    
  0.3000000    
  0.3000000    
  0.2254720    
  0.0000000E+00
  0.0000000E+00
  0.0000000E+00
  2.5600001E-02
  9.4963998E-02
  0.1589800    
  0.2762840    
  0.3000000    
  0.3000000    
  0.2797800    
  0.0000000E+00
  0.0000000E+00
  0.0000000E+00
  5.4436006E-02
  9.0255998E-02
  0.1588080    
  0.3000000    
  0.2040000    
  0.1326000    
  0.2238840    
  0.0000000E+00
  0.0000000E+00
  0.1035760    
  7.1216002E-02
  0.1820040    
  0.2538480    
  0.2507680    
  0.1003520    
  0.1188600    
  0.1840840    
  0.0000000E+00
  0.0000000E+00
  0.1486440    
  0.1019360    
  0.2346520    
  0.2431680    
  0.1758320    
  4.5296002E-02
  0.1849360    
  0.1691520    
  0.0000000E+00
  8.8312000E-02
  0.1056160    
  0.2323200    
  0.1428000    
  0.2280400    
  0.1540480    
  0.1497360    
  0.1249480    
  0.2034840    
  0.0000000E+00
  9.6848004E-02
  0.1302720    
  0.2741040    
  0.2514160    
  0.2329920    
  0.1612120    
  0.1981280    
  0.1601320    
  0.3000000    
  0.0000000E+00
  3.4215998E-02
  0.1448080    
  0.2911400    
  0.1632000    
  0.1875960    
  0.1759160    
  0.1982120    
  0.1632000    
  0.2779160    
  0.0000000E+00
  6.6631995E-02
  0.1161040    
  0.1936760    
  0.2169960    
  0.1122000    
  0.1990480    
  0.2588560    
  0.2703200    
  0.2460240    
  0.0000000E+00
  3.1936001E-02
  5.5439997E-02
  0.1855640    
  0.2075120    
  0.1872000    
  0.2256800    
  0.2315840    
  0.1861040    
  0.0000000E+00
  0.0000000E+00
  0.0000000E+00
  0.0000000E+00
  0.2421520    
  0.1239680    
  0.1365120    
  0.1891520    
  0.0000000E+00
  0.0000000E+00
  0.0000000E+00
  0.0000000E+00
  0.0000000E+00
  0.0000000E+00
  0.0000000E+00
  0.0000000E+00
  0.0000000E+00
  0.0000000E+00
  0.0000000E+00
  0.0000000E+00
  0.0000000E+00
  0.0000000E+00
  0.0000000E+00
  0.0000000E+00
  0.0000000E+00
  0.0000000E+00
  0.0000000E+00
  0.0000000E+00
  2.1463998E-02
  0.1355840    
  0.1322560    
  0.0000000E+00
  0.0000000E+00
  0.0000000E+00
  0.0000000E+00
  0.0000000E+00
  0.3000000    
  0.2745520    
  7.1259998E-02
  7.3844008E-02
  0.2080640    
  0.0000000E+00
  0.0000000E+00
  0.0000000E+00
  0.0000000E+00
  0.3000000    
  0.3000000    
  0.2893760    
  0.1411680    
  0.1263320    
  0.1098480    
  0.0000000E+00
  0.0000000E+00
  0.0000000E+00
  0.3000000    
  0.3000000    
  0.3000000    
  0.3000000    
  0.2830280    
  0.1770160    
  0.1728800    
  0.0000000E+00
  0.0000000E+00
  0.0000000E+00
  0.2755840    
  0.3000000    
  0.3000000    
  0.3000000    
  0.2346000    
  0.2733120    
  0.1915760    
  0.0000000E+00
  0.0000000E+00
  0.3000000    
  0.2049840    
  0.2573840    
  0.2362320    
  0.3000000    
  0.3000000    
  0.3000000    
  0.3000000    
  0.0000000E+00
  0.0000000E+00
  0.3000000    
  0.3000000    
  0.2089120    
  8.7267995E-02
  0.2088240    
  0.2725480    
  0.2711000    
  0.3000000    
  0.0000000E+00
  0.3000000    
  0.3000000    
  0.3000000    
  0.2448000    
  0.2550280    
  0.1597000    
  0.1044400    
  0.1412400    
  0.1601240    
  0.0000000E+00
  0.3000000    
  0.3000000    
  0.3000000    
  0.3000000    
  0.3000000    
  0.3000000    
  0.2203280    
  0.2093000    
  0.1652880    
  0.0000000E+00
  8.6328000E-02
  9.9427998E-02
  0.2381360    
  0.2652000    
  0.3000000    
  0.3000000    
  0.3000000    
  0.3000000    
  0.2948760    
  0.0000000E+00
  0.1014320    
  8.7896004E-02
  0.1253440    
  0.2258440    
  0.2811960    
  0.3000000    
  0.3000000    
  0.3000000    
  0.3000000    
  0.0000000E+00
  0.2793280    
  0.2184120    
  0.1698080    
  0.1861280    
  0.2547880    
  0.3000000    
  0.3000000    
  0.3000000    
  0.0000000E+00
  0.0000000E+00
  0.0000000E+00
  0.0000000E+00
  0.1671680    
  0.3000000    
  0.3000000    
  0.3000000    
  0.0000000E+00
  0.0000000E+00
  0.0000000E+00
  0.0000000E+00
  0.0000000E+00
  0.0000000E+00
  0.0000000E+00
  0.0000000E+00
  0.0000000E+00
  0.0000000E+00
   1000.000    
   106.9615    
   27.96539    
  0.0000000E+00
  0.0000000E+00
  0.0000000E+00
  0.0000000E+00
  0.0000000E+00
   13.49343    
   607.2617    
   1000.000    
   858.7574    
   45.58458    
  0.0000000E+00
  0.0000000E+00
  0.0000000E+00
  0.0000000E+00
   282.9008    
   29.91213    
   426.6757    
   906.0193    
   1000.000    
   79.47338    
  0.0000000E+00
  0.0000000E+00
  0.0000000E+00
   1000.000    
   861.5348    
   51.82085    
   48.90261    
   524.3906    
   1000.000    
   500.1912    
  0.0000000E+00
  0.0000000E+00
   1000.000    
   1000.000    
   1000.000    
   412.1768    
   30.67032    
   204.2402    
   965.3366    
   1000.000    
  0.0000000E+00
  0.0000000E+00
   951.3960    
   1000.000    
   1000.000    
   462.7064    
   135.8218    
   30.20220    
   590.7840    
   1000.000    
  0.0000000E+00
  0.0000000E+00
   995.8794    
   1000.000    
   1000.000    
   719.4962    
   508.0767    
   34.28853    
   671.4434    
   690.9291    
  0.0000000E+00
   14.95556    
   165.4498    
   469.0253    
   1000.000    
   1000.000    
   526.0626    
   56.09755    
   140.2953    
   1000.000    
  0.0000000E+00
   8.871505    
   19.50455    
   119.7390    
   249.2880    
   860.4853    
   1000.000    
   618.3568    
   84.49787    
   443.0609    
  0.0000000E+00
   12.96614    
   12.94015    
   7.325737    
   77.99088    
   218.4765    
   1000.000    
   1000.000    
   448.3318    
   381.4454    
  0.0000000E+00
   5.896901    
   27.68046    
   25.58029    
   13.30080    
   43.82080    
   741.6570    
   1000.000    
   786.9300    
   491.6848    
   9.544464    
   6.718989    
   15.32343    
   173.8387    
   20.41270    
   19.41060    
   91.73901    
   1000.000    
   1000.000    
   917.1269    
   63.60906    
   8.393804    
   11.95458    
   299.8141    
   268.3536    
   26.34560    
   113.2574    
   1000.000    
   851.3351    
  0.0000000E+00
  0.0000000E+00
   76.29470    
   21.47400    
   14.66559    
   508.8484    
   56.73862    
   67.12592    
  0.0000000E+00
  0.0000000E+00
  0.0000000E+00
  0.0000000E+00
  0.0000000E+00
  0.0000000E+00
  0.0000000E+00
  0.0000000E+00
  0.0000000E+00
  0.0000000E+00
   34.88971    
   82.98029    
   113.1195    
  0.0000000E+00
  0.0000000E+00
  0.0000000E+00
  0.0000000E+00
  0.0000000E+00
   178.6966    
   116.6583    
   49.45419    
   28.28645    
   30.00115    
  0.0000000E+00
  0.0000000E+00
  0.0000000E+00
  0.0000000E+00
   283.3830    
   295.9530    
   201.5347    
   138.4794    
   24.20987    
   8.628936    
  0.0000000E+00
  0.0000000E+00
  0.0000000E+00
   236.3243    
   264.7549    
   293.5222    
   250.1746    
   156.2276    
   29.71765    
   4.837064    
  0.0000000E+00
  0.0000000E+00
   85.95971    
   171.0083    
   162.7707    
   196.7544    
   71.23669    
   111.0809    
   26.64587    
   6.384099    
  0.0000000E+00
  0.0000000E+00
   23.66766    
   46.21338    
   18.76568    
   60.36609    
   58.94143    
   71.48160    
   24.78600    
   5.253067    
  0.0000000E+00
  0.0000000E+00
   19.55666    
   6.227003    
   11.66198    
   10.36925    
   15.73228    
   114.6235    
   48.25283    
   20.69570    
  0.0000000E+00
   57.07824    
   21.33693    
   10.20748    
   10.30646    
   24.35019    
   1.537304    
   23.48079    
   38.54701    
   22.71003    
  0.0000000E+00
   25.12429    
   24.49819    
   37.97144    
   16.08540    
   25.43048    
   10.37990    
   16.14869    
   10.90415    
   13.51333    
  0.0000000E+00
   8.564141    
   23.54741    
   62.80371    
   35.06058    
   6.887432    
   5.846475    
   20.34413    
   9.475419    
   41.82624    
  0.0000000E+00
   82.30946    
   38.80410    
   134.2047    
   72.81780    
   17.32330    
   14.27631    
   95.77840    
   35.55720    
   23.38285    
   52.13490    
   36.04181    
   47.48135    
   200.8678    
   139.5283    
   26.20380    
   19.81613    
   25.32611    
   35.02123    
   8.201961    
   18.57141    
   6.935011    
   4.258771    
   33.04259    
   64.70383    
   52.20419    
   87.40376    
   93.36535    
   51.39614    
  0.0000000E+00
  0.0000000E+00
   10.36443    
   30.96739    
   147.5865    
   40.22886    
   92.67461    
   165.4362    
  0.0000000E+00
  0.0000000E+00
  0.0000000E+00
  0.0000000E+00
  0.0000000E+00
  0.0000000E+00
  0.0000000E+00
  0.0000000E+00
  0.0000000E+00
  0.0000000E+00
  0.0000000E+00
  0.0000000E+00
  0.0000000E+00
  0.0000000E+00
  0.0000000E+00
  0.0000000E+00
  0.0000000E+00
  0.0000000E+00
  0.0000000E+00
  0.0000000E+00
   1000.000    
   1000.000    
   671.1074    
  0.0000000E+00
  0.0000000E+00
  0.0000000E+00
  0.0000000E+00
  0.0000000E+00
   659.1572    
   1000.000    
   1000.000    
   1000.000    
   566.8376    
  0.0000000E+00
  0.0000000E+00
  0.0000000E+00
  0.0000000E+00
   852.4442    
   427.6320    
   250.9250    
   540.9819    
   971.4144    
   1000.000    
  0.0000000E+00
  0.0000000E+00
  0.0000000E+00
   774.1088    
   282.6174    
   553.9767    
   449.3521    
   195.1461    
   393.2914    
   635.3946    
  0.0000000E+00
  0.0000000E+00
  0.0000000E+00
   633.1718    
   688.2965    
   498.1237    
   362.9232    
   78.58080    
   236.8440    
   331.2848    
  0.0000000E+00
  0.0000000E+00
   57.30168    
   103.7584    
   180.6981    
   329.7110    
   372.5514    
   177.7803    
   92.67479    
   409.4598    
  0.0000000E+00
  0.0000000E+00
   68.51983    
   125.1951    
   178.3982    
   246.0218    
   595.0256    
   902.4255    
   631.6442    
   114.7848    
  0.0000000E+00
   704.9626    
   93.04216    
   43.45457    
   50.87760    
   245.9816    
   272.0117    
   631.6552    
   564.3571    
   1000.000    
  0.0000000E+00
   1000.000    
   773.6464    
   202.7229    
   22.84125    
   68.08414    
   247.9309    
   521.1821    
   1000.000    
   522.4406    
  0.0000000E+00
   1000.000    
   1000.000    
   634.7741    
   350.7780    
   65.12740    
   70.13203    
   451.9311    
   272.4420    
   946.7304    
  0.0000000E+00
   950.9767    
   1000.000    
   1000.000    
   862.7419    
   538.7640    
   147.5479    
   302.7973    
   276.7349    
   137.2295    
  0.0000000E+00
   203.5931    
   774.8901    
   1000.000    
   1000.000    
   1000.000    
   710.4349    
   181.0498    
   187.5040    
  0.0000000E+00
  0.0000000E+00
  0.0000000E+00
  0.0000000E+00
   1000.000    
   1000.000    
   1000.000    
   1000.000    
  0.0000000E+00
  0.0000000E+00
  0.0000000E+00
  0.0000000E+00
  0.0000000E+00
  0.0000000E+00
  0.0000000E+00
  0.0000000E+00
  0.0000000E+00
  0.0000000E+00
  0.0000000E+00
  0.0000000E+00
  0.0000000E+00
  0.0000000E+00
  0.0000000E+00
  0.0000000E+00
  0.0000000E+00
  0.0000000E+00
  0.0000000E+00
  0.0000000E+00
   69.70080    
   52.35347    
   110.4234    
  0.0000000E+00
  0.0000000E+00
  0.0000000E+00
  0.0000000E+00
  0.0000000E+00
   246.9574    
   534.4530    
   589.5144    
   285.7139    
   334.5125    
  0.0000000E+00
  0.0000000E+00
  0.0000000E+00
  0.0000000E+00
   57.81625    
   117.5244    
   658.7645    
   680.9299    
   793.8877    
   231.3472    
  0.0000000E+00
  0.0000000E+00
  0.0000000E+00
   3.523456    
   22.89909    
   44.96830    
   607.2765    
   774.4267    
   660.1552    
   361.0973    
  0.0000000E+00
  0.0000000E+00
  0.0000000E+00
   6.519651    
   6.866117    
   127.1965    
   399.1246    
   244.4940    
   150.8580    
   384.4405    
  0.0000000E+00
  0.0000000E+00
   2.528128    
   4.481768    
   161.9430    
   279.7858    
   269.1440    
   51.64135    
   86.04717    
   67.88029    
  0.0000000E+00
  0.0000000E+00
   12.91924    
   39.86419    
   426.3504    
   182.5483    
   53.33540    
   40.89605    
   76.26469    
   75.66177    
  0.0000000E+00
   42.90699    
   24.54112    
   161.5771    
   257.6520    
   348.7392    
   46.45753    
   105.7144    
   86.46716    
   239.5872    
  0.0000000E+00
   33.95509    
   44.51043    
   248.7798    
   480.2061    
   414.1649    
   32.40850    
   62.13507    
   185.2835    
   777.6179    
  0.0000000E+00
   20.67970    
   21.72413    
   504.0046    
   494.0880    
   208.7192    
   62.44654    
   158.2183    
   395.1480    
   621.5792    
  0.0000000E+00
   9.756369    
   15.50386    
   138.1406    
   380.5413    
   160.0380    
   249.6971    
   608.8754    
   750.8663    
   469.7493    
  0.0000000E+00
   4.098304    
   11.55308    
   82.78743    
   152.6421    
   224.8971    
   437.5101    
   484.2193    
   239.8615    
  0.0000000E+00
  0.0000000E+00
  0.0000000E+00
  0.0000000E+00
   32.11272    
   44.67717    
   52.03560    
   169.6891    
  0.0000000E+00
  0.0000000E+00
  0.0000000E+00
  0.0000000E+00
  0.0000000E+00
  0.0000000E+00
  0.0000000E+00
  0.0000000E+00
  0.0000000E+00
  0.0000000E+00
  0.0000000E+00
  0.0000000E+00
  0.0000000E+00
  0.0000000E+00
  0.0000000E+00
  0.0000000E+00
  0.0000000E+00
  0.0000000E+00
  0.0000000E+00
  0.0000000E+00
   11.27176    
   67.22031    
   587.6517    
  0.0000000E+00
  0.0000000E+00
  0.0000000E+00
  0.0000000E+00
  0.0000000E+00
   306.4171    
   29.96721    
   8.928782    
   22.37498    
   115.2921    
  0.0000000E+00
  0.0000000E+00
  0.0000000E+00
  0.0000000E+00
   1000.000    
   1000.000    
   504.2954    
   38.09363    
   57.85484    
   27.81864    
  0.0000000E+00
  0.0000000E+00
  0.0000000E+00
   1000.000    
   1000.000    
   1000.000    
   806.3723    
   238.0742    
   114.1316    
   506.9456    
  0.0000000E+00
  0.0000000E+00
  0.0000000E+00
   1000.000    
   1000.000    
   1000.000    
   1000.000    
   751.5360    
   356.2271    
   295.9247    
  0.0000000E+00
  0.0000000E+00
   918.2595    
   579.3970    
   351.1102    
   324.1502    
   1000.000    
   1000.000    
   1000.000    
   1000.000    
  0.0000000E+00
  0.0000000E+00
   1000.000    
   1000.000    
   1000.000    
   324.4814    
   529.3406    
   1000.000    
   1000.000    
   1000.000    
  0.0000000E+00
   1000.000    
   1000.000    
   1000.000    
   733.1760    
   763.3373    
   233.9557    
   166.6848    
   631.5301    
   598.1517    
  0.0000000E+00
   544.3285    
   867.1679    
   954.0869    
   1000.000    
   977.1401    
   852.6600    
   494.8768    
   167.2800    
   657.5200    
  0.0000000E+00
   32.92696    
   65.40797    
   79.23715    
   607.0020    
   1000.000    
   1000.000    
   1000.000    
   1000.000    
   423.2885    
  0.0000000E+00
   191.2770    
   54.69576    
   35.09965    
   326.8182    
   624.3984    
   1000.000    
   1000.000    
   1000.000    
   1000.000    
  0.0000000E+00
   279.0563    
   223.9874    
   321.6016    
   204.1544    
   266.9488    
   740.1605    
   641.4912    
   1000.000    
  0.0000000E+00
  0.0000000E+00
  0.0000000E+00
  0.0000000E+00
   514.4355    
   606.9719    
   672.2381    
   1000.000    
  0.0000000E+00
  0.0000000E+00
  0.0000000E+00
