0
0
0
0
0
0
0
0.27081
0.184915
0.053780001
0
0
0
0
0
0.050346669
0.18767
0.2829975
0.2225675
0.080739997
0
0
0
0
0.15439
0.14925
0.117815
0.22629
0.2757725
0.171395
0
0
0
0.2545433
0.2235425
0.18708
0.076459996
0.135955
0.286015
0.180955
0
0
0.20396
0.276385
0.22713
0.20376
0.094489999
0.056465
0.2390025
0.2465225
0
0
0.18247
0.2228325
0.2531525
0.1516175
0.1882325
0.091682501
0.1574475
0.2573625
0
0
0.164515
0.1586275
0.2792125
0.1621
0.1458725
0.137765
0.1560325
0.2267525
0
0.01494
0.080994993
0.1529525
0.25203
0.2716425
0.1469325
0.1341725
0.1064675
0.19627
0
0.014687501
0.044862498
0.066117503
0.17248
0.257745
0.2725275
0.19338
0.088832498
0.18976
0
0.04465
0.034809999
0.0577875
0.066847503
0.1425925
0.2787625
0.2748525
0.1864775
0.1512275
0
0.037289999
0.080812499
0.082865
0.065752499
0.0751625
0.2108825
0.2961975
0.2865325
0.232355
0.066344999
0.024994999
0.0980625
0.168035
0.04298
0.062934995
0.1235475
0.295705
0.2927525
0.222445
0.055360001
0.02287
0.056845002
0.1169125
0.08303
0.026334997
0.080177501
0.26014
0.2819
0
0
0.107505
0.044197503
0.032449998
0.15857
0.066152506
0.040964998
0
0
0
0
0
0
0
0
0
0
0.083266668
0.081702501
0.084006667
0
0
0
0
0
0.1216967
0.1069925
0.082542501
0.053635001
0.032145001
0
0
0
0
0.1070467
0.1447025
0.14392
0.129915
0.069124997
0.029479999
0
0
0
0.1231333
0.1308675
0.13921
0.1399275
0.1308075
0.064667501
0.033217501
0
0
0.095100001
0.1039325
0.10574
0.077747501
0.065167502
0.097229995
0.072195001
0.033994999
0
0
0.075674996
0.03602
0.038912501
0.063730001
0.082497492
0.099979997
0.100655
0.035680003
0
0
0.046647497
0.025369998
0.031489998
0.027857499
0.048667498
0.089907497
0.070677504
0.06002
0
0.06033333
0.073254995
0.0207
0.028757501
0.034600001
0.018345
0.03847
0.066042505
0.084252499
0
0.053707503
0.040435001
0.065805003
0.053967502
0.062634997
0.034965001
0.046425
0.033247501
0.048099998
0
0.028577499
0.037814997
0.069075003
0.055717498
0.0281075
0.037390001
0.085565001
0.07254
0.085155003
0
0.0724025
0.049002498
0.094825
0.097722501
0.033934999
0.048272502
0.10453
0.092610002
0.096780002
0.070085004
0.073689997
0.091329999
0.12424
0.093630001
0.074090004
0.0536125
0.068185002
0.080422498
0.052540001
0.09544
0.044095002
0.039609998
0.080669999
0.086845003
0.059232503
0.1079425
0.096747503
0.089780003
0
0
0.038465001
0.079909995
0.1338025
0.097010002
0.084035002
0.13104
0
0
0
0
0
0
0
0
0
0
0
0
0
0
0
0
0
0
0
0
0.290665
0.294245
0.29213
0
0
0
0
0
0.11829
0.215545
0.271745
0.290605
0.295085
0
0
0
0
0.18153
0.15386
0.119195
0.1496025
0.2655525
0.28793
0
0
0
0.25406
0.23851
0.16989
0.098572493
0.091947496
0.1716525
0.26887
0
0
0
0.14282
0.2191975
0.2256
0.1779675
0.093449995
0.13332
0.2113475
0
0
0.12155
0.088387504
0.1263425
0.179955
0.2038575
0.2317125
0.1360075
0.2008225
0
0
0.064254999
0.090580001
0.1415675
0.1905325
0.2306875
0.2052175
0.2479925
0.167575
0
0.141865
0.094537504
0.039910004
0.07705
0.1127325
0.150225
0.2467975
0.2626175
0.22636
0
0.25235
0.1497575
0.094485
0.03076
0.033115
0.1289125
0.1976
0.20459
0.2346175
0
0.268985
0.2519275
0.14382
0.121495
0.0668175
0.044235002
0.126795
0.1741875
0.217235
0
0.19731
0.279085
0.2569875
0.21191
0.19063
0.097405002
0.10455
0.1143125
0.088550001
0
0.10173
0.197845
0.2903875
0.289535
0.2767525
0.2210625
0.1120525
0.15755
0
0
0
0
0.26601
0.293185
0.297815
0.287185
0
0
0
0
0
0
0
0
0
0
0
0
0
0
0
0
0
0
0
0
0.122095
0.12362
0.0832
0
0
0
0
0
0.14232
0.1655625
0.160285
0.1372
0.129425
0
0
0
0
0.086960003
0.12883
0.19204
0.1940675
0.1968525
0.14092
0
0
0
0.016000001
0.059352499
0.099362493
0.1726775
0.2072725
0.1954775
0.1748625
0
0
0
0.034022503
0.05641
0.099254996
0.18802
0.1801225
0.1291875
0.1399275
0
0
0.064735003
0.044509999
0.1137525
0.158655
0.15673
0.062720001
0.074287504
0.1150525
0
0
0.092902504
0.063709997
0.1466575
0.15198
0.109895
0.028310001
0.115585
0.10572
0
0.055195
0.066009998
0.1452
0.1432325
0.142525
0.096279994
0.093584999
0.078092501
0.1271775
0
0.060529999
0.081420004
0.171315
0.157135
0.14562
0.1007575
0.12383
0.1000825
0.1902175
0
0.021384999
0.090505004
0.1819625
0.165865
0.1172475
0.1099475
0.1238825
0.1617325
0.1736975
0
0.041644998
0.072564997
0.1210475
0.1356225
0.10856
0.124405
0.161785
0.16895
0.153765
0
0.019959999
0.034649998
0.1159775
0.129695
0.117
0.14105
0.14474
0.116315
0
0
0
0
0.151345
0.077480003
0.085319996
0.11822
0
0
0
0
0
0
0
0
0
0
0
0
0
0
0
0
0
0
0
0
0.013414999
0.084739998
0.082659997
0
0
0
0
0
0.19193
0.171595
0.044537496
0.046152502
0.13004
0
0
0
0
0.29092
0.2883425
0.18086
0.088229999
0.078957498
0.068654999
0
0
0
0.293
0.2501
0.246005
0.2778875
0.1768925
0.110635
0.10805
0
0
0
0.17224
0.2668275
0.2840225
0.2523125
0.2323225
0.17082
0.119735
0
0
0.19607
0.128115
0.160865
0.147645
0.230085
0.2174575
0.2615675
0.18879
0
0
0.268945
0.1912525
0.13057
0.054542497
0.130515
0.1703425
0.1694375
0.2283975
0
0.286155
0.2939325
0.294615
0.2430075
0.1593925
0.0998125
0.065274999
0.088275
0.1000775
0
0.219315
0.292635
0.2887875
0.28084
0.20289
0.189545
0.137705
0.1308125
0.103305
0
0.053955
0.062142499
0.148835
0.2645275
0.2703075
0.21932
0.2356075
0.244245
0.1842975
0
0.063395001
0.054935001
0.078340001
0.1411525
0.1757475
0.2502775
0.286555
0.2834025
0.288905
0
0.17458
0.1365075
0.10613
0.11633
0.1592425
0.2136925
0.2115375
0.22204
0
0
0
0
0.10448
0.21478
0.20155
0.2306
0
0
0
0
0
0
0
0
0
0
857.6321
66.85093
17.47837
0
0
0
0
0
8.433396
379.5385
950.6475
536.7234
28.49036
0
0
0
0
176.813
18.69508
266.6723
566.2621
718.8179
49.67086
0
0
0
917.4515
538.4592
32.38803
30.56413
327.7441
718.5247
312.6195
0
0
651.2474
972.8304
689.0786
257.6105
19.16895
127.6501
603.3354
691.1141
0
0
594.6225
923.9598
832.8511
289.1915
84.88863
29.61129
579.1512
709.5354
0
0
622.4246
670.9148
857.8682
449.6851
317.5479
21.43033
419.6521
431.8307
0
9.347226
103.4061
293.1408
701.8274
763.9669
328.7891
35.06097
87.68457
860.2258
0
5.54469
12.19034
74.83688
244.3695
537.8033
832.7828
386.473
52.81117
276.9131
0
8.103838
8.087593
4.578585
48.7443
136.5478
797.6979
935.7007
280.2074
238.4034
0
3.685563
17.30029
15.98768
13.047
27.388
463.5356
905.3829
771.4704
307.303
5.96529
4.199368
9.577145
108.6492
12.75794
19.03103
57.33688
970.4343
693.0752
573.2043
39.75566
5.246127
7.471612
187.3838
167.721
16.466
70.78585
927.2019
532.0844
0
0
47.68419
13.42125
9.165991
318.0302
35.46164
41.9537
0
0
0
0
0
0
0
0
0
0
21.80607
51.86268
70.69968
0
0
0
0
0
111.6854
72.91141
30.90887
17.67903
18.75072
0
0
0
0
177.1144
184.9706
125.9592
86.54962
15.13117
5.393085
0
0
0
147.7027
165.4718
183.4514
156.3591
97.64224
18.57353
3.023165
0
0
53.72482
106.8802
101.7317
122.9715
44.52293
69.42554
16.65367
3.990062
0
0
14.79229
28.88336
11.72855
37.7288
36.83839
70.08744
24.29169
3.283167
0
0
12.22291
3.891877
7.288738
6.48078
9.832672
71.63971
30.15802
12.93481
0
35.6739
13.33558
6.379678
6.441537
15.21887
0.9608151
14.67549
24.09188
14.19377
0
15.70268
15.31137
23.73215
15.47325
15.89405
6.487435
10.09293
6.815095
8.445829
0
5.352588
14.71713
39.25232
21.91286
4.304645
3.654047
12.71508
5.922137
26.1414
0
51.44341
24.25256
83.87794
71.39836
10.82706
8.92269
59.8615
34.86101
14.61428
32.58431
22.52613
29.67584
125.5424
87.20518
25.69115
12.38508
15.82882
21.88827
5.126225
11.60713
4.334382
2.661732
20.65162
40.43989
32.62762
54.62735
58.35334
32.12259
0
0
6.47777
19.35462
92.24158
25.14304
57.92163
103.3976
0
0
0
0
0
0
0
0
0
0
0
0
0
0
0
0
0
0
0
0
964.5998
870.4424
419.4421
0
0
0
0
0
411.9732
865.9915
778.1282
874.2433
354.2735
0
0
0
0
532.7776
267.27
156.8281
338.1137
607.134
783.1096
0
0
0
483.818
176.6359
346.2354
280.8451
121.9663
245.8071
397.1216
0
0
0
395.7324
430.1853
311.3273
226.827
77.04396
232.1746
207.053
0
0
35.81355
64.84903
112.9363
206.0694
232.8446
111.1127
57.92174
255.9124
0
0
42.82489
78.24693
111.4989
153.7636
371.891
564.0159
394.7776
71.74049
0
440.6016
58.15135
27.15911
49.88157
153.7385
170.0073
394.7845
352.7232
642.6641
0
903.9834
483.529
126.7018
14.27578
42.55259
154.9568
325.7388
635.1661
326.5254
0
987.3995
957.7819
396.7338
343.9475
40.70462
43.83252
282.4569
267.1474
591.7065
0
594.3605
958.7322
947.8721
539.2137
528.1791
92.21742
189.2483
172.9593
85.76842
0
127.2457
484.3063
994.5502
961.4171
921.0628
444.0218
113.1561
117.19
0
0
0
0
961.785
988.6746
994.3264
983.2583
0
0
0
0
0
0
0
0
0
0
0
0
0
0
0
0
0
0
0
0
43.563
32.72092
69.0146
0
0
0
0
0
154.3484
334.0331
368.4465
178.5712
209.0703
0
0
0
0
36.13516
73.45273
411.7278
425.5812
496.1798
144.592
0
0
0
2.20216
14.31193
28.10519
379.5478
484.0167
412.597
225.6858
0
0
0
4.074782
4.291323
79.4978
249.4529
239.6818
147.8877
240.2753
0
0
1.58008
2.801105
101.2144
174.8661
168.215
32.27584
53.77948
42.42518
0
0
8.074525
24.91512
266.469
114.0927
33.33462
25.56003
47.66543
47.28861
0
26.81687
15.3382
100.9857
252.5683
217.962
29.03596
66.07147
54.04197
149.742
0
21.22193
27.81902
155.4874
300.1288
258.8531
20.25531
38.83442
115.8022
486.0112
0
12.92481
13.57758
315.0029
484.298
130.4495
39.02909
98.88642
387.4178
388.487
0
6.09773
9.689915
86.3379
237.8383
156.87
156.0607
380.5471
469.2914
293.5933
0
2.56144
7.220675
51.74214
95.40128
140.5607
273.4438
302.6371
149.9134
0
0
0
0
20.07045
27.92323
32.52225
106.0557
0
0
0
0
0
0
0
0
0
0
0
0
0
0
0
0
0
0
0
0
7.04485
42.01269
367.2823
0
0
0
0
0
191.5107
18.72951
5.580488
13.98436
72.05758
0
0
0
0
882.9132
712.8123
315.1846
23.80852
36.15927
17.38665
0
0
0
996.0267
904.1825
743.2745
503.9827
148.7964
71.33223
316.841
0
0
0
676.1102
912.867
976.1646
941.4612
736.7664
222.6419
184.9529
0
0
573.9122
362.1231
219.4439
202.5939
715.2871
873.919
973.5781
708.7536
0
0
883.4165
927.8918
642.9614
202.8009
330.8379
773.3139
655.8292
896.7048
0
962.1442
837.0474
821.6803
718.7553
477.0858
146.2223
104.178
394.7063
373.8448
0
340.2053
541.9799
596.3043
952.7255
610.7126
532.9125
309.298
104.55
410.95
0
20.57935
40.87998
49.52322
595.1486
792.6371
894.0155
843.054
805.8978
264.5553
0
119.5481
34.18485
21.93728
204.2614
390.249
886.4398
984.03
987.364
964.7271
0
174.4102
139.9921
201.001
127.5965
166.843
462.6003
400.932
966.0195
0
0
0
0
321.5222
379.3574
420.1488
671.071
0
0
0
