Well:	PRO-4
tempo(anos)	tempo(data)	gor_truth	wct_truth	bhp_truth	gor_tentativa	wct_tentativa	bhp_tentativa	erro_gor	erro_wct	erro_bhp	limite_gor	limite_wct	limite_bhp
2.73972597260274E-005	1967-01-01	0	0	22507.8	0	0	22504.01
0.00276712328767123	1967-01-02	74	8.44951E-011	22478.69	74	7.85846E-011	22475.96
0.0849315068493151	1967-02-01	73.97	1.2775E-009	22383.07	73.96	1.39068E-009	22373.29
0.161643835616438	1967-03-01	73.78	3.21949E-009	22318.64	73.75	3.64062E-009	22302.23
0.246575342465753	1967-04-01	73.59	5.67272E-009	22253.98	73.54	6.45836E-009	22232.64
0.249315068493151	1967-04-02	73.52	6.81028E-009	21187.63	73.47	7.58582E-009	21162.84
0.328767123287671	1967-05-01	73.12	1.49874E-008	21020.9	73.11	1.525E-008	20982.49
0.413698630136986	1967-06-01	72.74	2.55842E-008	20900.74	72.7	2.68532E-008	20847.47
0.495890410958904	1967-07-01	72.46	3.51954E-008	20799.4	72.3	4.16322E-008	20731.66
0.498630136986301	1967-07-02	72.51	3.33413E-008	21886.95	72.34	3.99741E-008	21824.65
0.580821917808219	1967-08-01	72.52	3.30042E-008	21887.79	72.34	4.00902E-008	21821.03
0.665753424657534	1967-09-01	72.44	3.59605E-008	21863.12	72.25	4.35371E-008	21795.26
0.747945205479452	1967-10-01	72.37	3.86463E-008	21839.66	72.18	4.6534E-008	21771.56
0.750684931506849	1967-10-02	72.39	3.76662E-008	22384.47	72.21	4.55568E-008	22320.26
0.832876712328767	1967-11-01	72.5	3.36795E-008	22421.26	72.32	4.08074E-008	22360.2
0.915068493150685	1967-12-01	72.53	3.25331E-008	22428.71	72.36	3.91305E-008	22370.44
1	1968-01-01	72.55	3.19449E-008	22434	72.38	3.81643E-008	22378.35
1.0027397260274	1968-01-02	0	0	22983.2	0	0	22932.37
2.0027397260274	1969-01-01	0	0	23253.79	0	0	23234.79
3.0027397260274	1970-01-01	0	0	23358.05	0	0	23353.36
4.0027397260274	1971-01-01	0	0	23411.69	0	0	23408.75
4.00547945205479	1971-01-02	73.84	2.59451E-009	21821.12	73.84	2.61546E-009	21814.68
4.4986301369863	1971-07-01	72.69	2.95526E-008	21241.13	72.63	3.18501E-008	21168.71
5.0027397260274	1972-01-01	71.46	8.50054E-008	20845.24	71.21	1.01451E-007	20738.13
5.00547945205479	1972-01-02	0	0	22567.21	0	0	22456.14
5.04109589041096	1972-01-15	0	0	22630.57	0	0	22541.4
5.04383561643836	1972-01-16	71.39	8.92455E-008	20935.03	71.11	1.07341E-007	20835.27
5.5013698630137	1972-07-01	70.64	1.52774E-007	20513.49	70.3	1.83276E-007	20388.51
6.00547945205479	1973-01-01	70.45	2.36395E-007	20155.87	70	2.65293E-007	19994.18
6.00821917808219	1973-01-02	0	0	22192.58	0	0	22036.46
6.04383561643836	1973-01-15	0	0	22271.91	0	0	22140.14
6.04657534246575	1973-01-16	70.73	2.03624E-007	20267.78	70.27	2.48688E-007	20120.28
6.5013698630137	1973-07-01	73.34	2.89478E-007	19895.79	72.4	3.53891E-007	19722.43
7.00547945205479	1974-01-01	88.37	3.93333E-007	19612.4	81.88	4.77613E-007	19424.94
7.00821917808219	1974-01-02	0	0	21908.86	0	0	21737.54
7.04383561643836	1974-01-15	0	0	22003.52	0	0	21854.15
7.04657534246575	1974-01-16	84.31	3.44291E-007	19745.38	78.03	4.14327E-007	19574.97
7.5013698630137	1974-07-01	102.2	4.63679E-007	19425.73	92.65	5.53458E-007	19239.34
8.00547945205479	1975-01-01	133.13	8.69429E-007	19177.27	106.97	8.95555E-007	18995.22
8.00821917808219	1975-01-02	0	0	21634.34	0	0	21462.16
8.04383561643836	1975-01-15	0	0	21754.81	0	0	21595.81
8.04657534246575	1975-01-16	116.19	7.84993E-007	19344.17	101.81	7.93884E-007	19181.58
8.5013698630137	1975-07-01	138.22	1.82316E-006	19028.37	108.49	1.63613E-006	18853.99
9.00547945205479	1976-01-01	143.91	1.12182E-005	18821.24	111.39	4.66384E-006	18650.29
9.00821917808219	1976-01-02	0	0	21397.28	0	0	21225.24
9.04383561643836	1976-01-15	0	0	21534.58	0	0	21370.98
9.04657534246575	1976-01-16	123.93	1.14489E-005	19013.1	105.43	6.40398E-006	18857.14
9.5041095890411	1976-07-01	125.39	4.51444E-005	18679.44	106.48	3.05065E-005	18510.61
10.0082191780822	1977-01-01	118.79	0.000171889	18396.86	105.5	0.000132539	18215.17
10.0109589041096	1977-01-02	0	0	21241.7	0	0	21037.52
10.0465753424658	1977-01-15	0	0	21398.16	0	0	21192.58
10.0493150684932	1977-01-16	110.4	0.000241517	18617.16	97.97	0.000199421	18430.19
10.5041095890411	1977-07-01	110.24	0.000576867	18088.26	94.92	0.000713887	17868.36
11.0082191780822	1978-01-01	103.08	0.00549944	17482.27	86.86	0.0119531	17148.01
11.0109589041096	1978-01-02	0	0	21114.65	0	0	20907.21
11.0465753424658	1978-01-15	0	0	21283.16	0	0	21076.63
11.0493150684932	1978-01-16	92.91	0.00967507	17713.92	79.01	0.0127337	17371.91
11.5041095890411	1978-07-01	90.74	0.0257174	16675.4	79.56	0.0448118	16179.09
12.0082191780822	1979-01-01	86.26	0.121617	15430.34	80.33	0.137057	14665.52
12.0109589041096	1979-01-02	0	0	20971.19	0	0	20727.71
12.0465753424658	1979-01-15	0	0	21159.05	0	0	20919.56
12.0493150684932	1979-01-16	82.35	0.125937	15714.89	78.77	0.170552	14959.91
12.5041095890411	1979-07-01	84.39	0.223342	14177.9	81.46	0.297506	13365.33
13.0082191780822	1980-01-01	87.58	0.334289	12871.98	88.52	0.408918	11965.9
13.0109589041096	1980-01-02	0	0	20682.05	0	0	20394.38
13.0465753424658	1980-01-15	0	0	20917.23	0	0	20625.59
13.0493150684932	1980-01-16	85.65	0.368426	13321.92	84.67	0.420954	12416.64
13.5068493150685	1980-07-01	89.86	0.42115	11937.56	93.12	0.4622	10925.28
14.0109589041096	1981-01-01	96.58	0.463851	10920.7	111.47	0.498302	9902.81
14.013698630137	1981-01-02	0	0	20365.67	0	0	20073.93
14.0493150684932	1981-01-15	0	0	20628.63	0	0	20363.04
14.0520547945205	1981-01-16	90.11	0.490595	11410.18	92.75	0.520156	10425.32
14.5068493150685	1981-07-01	95.41	0.50711	10280.55	110.03	0.533802	9309.01
15.0109589041096	1982-01-01	103.66	0.536168	9673.89	118.76	0.554412	8594.34
15.013698630137	1982-01-02	0	0	20145.85	0	0	19810.96
15.0493150684932	1982-01-15	0	0	20438.52	0	0	20129.83
15.0520547945205	1982-01-16	91.41	0.561153	10322.87	93.04	0.589761	9397.13
15.5068493150685	1982-07-01	99.09	0.558952	9339.97	107.07	0.585247	8350.92
16.0109589041096	1983-01-01	102.47	0.570436	9015.62	111	0.599556	7869.32
16.013698630137	1983-01-02	0	0	19966.59	0	0	19584.06
16.0493150684932	1983-01-15	0	0	20281.12	0	0	19926.04
16.0520547945205	1983-01-16	91.17	0.597906	9759.25	91.39	0.630798	8757.2
16.5068493150685	1983-07-01	97.61	0.588103	8822.18	99.2	0.62216	7696.67
Well:	PRO-5
tempo(anos)	tempo(data)	gor_truth	wct_truth	bhp_truth	gor_tentativa	wct_tentativa	bhp_tentativa	erro_gor	erro_wct	erro_bhp	limite_gor	limite_wct	limite_bhp
2.73972597260274E-005	1967-01-01	0	0	5951.38	0	0	22148.74
0.00276712328767123	1967-01-02	74	2.35352E-010	5912.24	74	1.88456E-010	22114.53
0.0849315068493151	1967-02-01	73.95	5.05997E-007	5624.38	73.96	3.42012E-007	21927.52
0.161643835616438	1967-03-01	73.78	2.26739E-006	5411.23	73.78	1.52811E-006	21849.24
0.246575342465753	1967-04-01	73.61	5.36548E-006	5203.87	73.61	3.63395E-006	21783.08
0.249315068493151	1967-04-02	73.58	5.50829E-006	101.32	73.53	3.76243E-006	20234.31
0.328767123287671	1967-05-01	73.27	1.09079E-005	101.32	73.03	8.20787E-006	19957.22
0.413698630136986	1967-06-01	72.99	2.1878E-005	101.32	72.61	1.94438E-005	19795.07
0.495890410958904	1967-07-01	72.79	3.46233E-005	101.32	72.26	3.93333E-005	19663.47
0.498630136986301	1967-07-02	72.8	3.50484E-005	4209.48	72.32	3.97583E-005	21293.24
0.580821917808219	1967-08-01	72.82	4.51865E-005	4129.49	72.55	4.8954E-005	21374.28
0.665753424657534	1967-09-01	72.76	6.0195E-005	3990.62	72.56	6.22643E-005	21365.91
0.747945205479452	1967-10-01	72.69	7.46862E-005	3847.63	72.52	7.4848E-005	21346.02
0.750684931506849	1967-10-02	72.73	7.50164E-005	13450.73	72.56	7.5126E-005	22166.35
0.832876712328767	1967-11-01	72.9	8.14669E-005	13532.15	72.74	8.07348E-005	22231.28
0.915068493150685	1967-12-01	72.96	8.97557E-005	13535.63	72.81	8.80228E-005	22248.92
1	1968-01-01	72.98	9.75111E-005	13526.01	72.85	9.49094E-005	22258.11
1.0027397260274	1968-01-02	0	0	23118.57	0	0	23076.83
2.0027397260274	1969-01-01	0	0	23392.91	0	0	23376.09
3.0027397260274	1970-01-01	0	0	23476.59	0	0	23470.77
4.0027397260274	1971-01-01	0	0	23522.88	0	0	23520.37
4.00547945205479	1971-01-02	74.24	8.47533E-005	101.32	74.15	8.6927E-005	21128.9
4.4986301369863	1971-07-01	72.9	0.000181776	101.32	72.69	0.000181442	20298.52
5.0027397260274	1972-01-01	71.95	0.000521483	101.32	71.49	0.00073854	19844.36
5.00547945205479	1972-01-02	0	0	22738.23	0	0	22586.64
5.04109589041096	1972-01-15	0	0	22848.46	0	0	22728.12
5.04383561643836	1972-01-16	72.08	0.000894993	101.32	71.67	0.00132342	20023.13
5.5013698630137	1972-07-01	71.33	0.0021257	101.32	70.74	0.00301907	19549.93
6.00547945205479	1973-01-01	70.77	0.00370881	101.32	70.17	0.00505519	19223.87
6.00821917808219	1973-01-02	0	0	22446.57	0	0	22226.37
6.04383561643836	1973-01-15	0	0	22555.36	0	0	22376.48
6.04657534246575	1973-01-16	71.13	0.00362875	101.32	70.53	0.00555501	19419.33
6.5013698630137	1973-07-01	70.53	0.00460208	101.32	69.75	0.00759311	18994.16
7.00547945205479	1974-01-01	70.11	0.00600896	101.32	69.23	0.0203612	18718.38
7.00821917808219	1974-01-02	0	0	22243.08	0	0	21981.87
7.04383561643836	1974-01-15	0	0	22351.01	0	0	22137.79
7.04657534246575	1974-01-16	70.47	0.00587393	101.32	69.75	0.0198299	18926.84
7.5013698630137	1974-07-01	69.95	0.00694822	101.32	69.02	0.0337911	18468.21
8.00547945205479	1975-01-01	69.56	0.0117727	101.32	68.5	0.0758219	18129.44
8.00821917808219	1975-01-02	0	0	22072.18	0	0	21761.95
8.04383561643836	1975-01-15	0	0	22176.71	0	0	21926.4
8.04657534246575	1975-01-16	69.91	0.0113016	101.32	69.05	0.0745009	18355.24
8.5013698630137	1975-07-01	69.4	0.0186175	101.32	68.29	0.111666	17874.15
9.00547945205479	1976-01-01	69.07	0.0311195	101.32	67.87	0.162806	17568.26
9.00821917808219	1976-01-02	0	0	21920.44	0	0	21540.63
9.04383561643836	1976-01-15	0	0	22022.93	0	0	21724.74
9.04657534246575	1976-01-16	69.41	0.0305101	101.32	68.37	0.177915	17827.64
9.5041095890411	1976-07-01	68.97	0.0394735	101.32	67.57	0.222991	17377.52
10.0082191780822	1977-01-01	68.75	0.0556915	101.32	67.19	0.261916	17138.11
10.0109589041096	1977-01-02	0	0	21805.11	0	0	21338.58
10.0465753424658	1977-01-15	0	0	21907.17	0	0	21544.06
10.0493150684932	1977-01-16	69.04	0.0609868	101.32	67.79	0.266924	17433
10.5041095890411	1977-07-01	68.65	0.0764582	101.32	66.98	0.291533	17009.84
11.0082191780822	1978-01-01	68.42	0.100172	101.32	66.58	0.320696	16841.11
11.0109589041096	1978-01-02	0	0	21707.81	0	0	21181.87
11.0465753424658	1978-01-15	0	0	21810.61	0	0	21401.26
11.0493150684932	1978-01-16	68.72	0.10383	101.32	67.32	0.315545	17159.53
11.5041095890411	1978-07-01	68.3	0.119188	101.32	66.48	0.334007	16745.45
12.0082191780822	1979-01-01	68.02	0.138467	101.32	66.13	0.346169	16570.8
12.0109589041096	1979-01-02	0	0	21597.79	0	0	21016.19
12.0465753424658	1979-01-15	0	0	21700.29	0	0	21245.75
12.0493150684932	1979-01-16	68.35	0.136578	101.32	66.81	0.343275	16907.84
12.5041095890411	1979-07-01	67.9	0.155599	101.32	65.91	0.355012	16458.67
13.0082191780822	1980-01-01	67.59	0.175854	101.32	65.37	0.36583	16235.54
13.0109589041096	1980-01-02	0	0	21438.23	0	0	20805.19
13.0465753424658	1980-01-15	0	0	21543.39	0	0	21040.42
13.0493150684932	1980-01-16	67.85	0.177785	101.32	66.16	0.360171	16586.84
13.5068493150685	1980-07-01	67.29	0.190319	101.32	65.16	0.373208	16079.02
14.0109589041096	1981-01-01	66.95	0.200768	101.32	64.67	0.383587	15827.08
14.013698630137	1981-01-02	0	0	21226.44	0	0	20551.05
14.0493150684932	1981-01-15	0	0	21335.12	0	0	20799.88
14.0520547945205	1981-01-16	67.2	0.201122	101.32	65.39	0.380565	16204.04
14.5068493150685	1981-07-01	66.69	0.207609	101.32	64.37	0.393512	15679.13
15.0109589041096	1982-01-01	66.24	0.215727	101.32	63.91	0.403035	15439.94
15.013698630137	1982-01-02	0	0	21047.32	0	0	20318.29
15.0493150684932	1982-01-15	0	0	21158.5	0	0	20579.15
15.0520547945205	1982-01-16	66.64	0.212399	101.32	64.69	0.400525	15842.92
15.5068493150685	1982-07-01	66.11	0.217555	101.32	63.67	0.412538	15313.72
16.0109589041096	1983-01-01	65.78	0.222648	101.32	63.25	0.42118	15087.8
16.013698630137	1983-01-02	0	0	20904.45	0	0	20114.39
16.0493150684932	1983-01-15	0	0	21018.06	0	0	20386.32
16.0520547945205	1983-01-16	66.18	0.219235	101.32	64.05	0.418499	15511.69
16.5068493150685	1983-07-01	65.69	0.223707	101.32	63.06	0.430435	14975.21
Well:	PRO-11
tempo(anos)	tempo(data)	gor_truth	wct_truth	bhp_truth	gor_tentativa	wct_tentativa	bhp_tentativa	erro_gor	erro_wct	erro_bhp	limite_gor	limite_wct	limite_bhp
2.73972597260274E-005	1967-01-01	0	0	22045.31	0	0	22050.43
0.00276712328767123	1967-01-02	74	2.18805E-010	21997.89	74	2.29272E-010	22001.84
0.0849315068493151	1967-02-01	73.79	4.45465E-009	21805.98	73.76	5.06716E-009	21793.41
0.161643835616438	1967-03-01	73.55	8.22363E-009	21734.38	73.48	9.47251E-009	21715.27
0.246575342465753	1967-04-01	73.37	1.17934E-008	21670	73.28	1.3615E-008	21645.86
0.249315068493151	1967-04-02	73.26	1.40708E-008	20059.12	73.18	1.61009E-008	20035.73
0.328767123287671	1967-05-01	72.67	3.19291E-008	19794.94	72.6	3.45174E-008	19740.79
0.413698630136986	1967-06-01	72.24	4.9137E-008	19651.35	72.13	5.39987E-008	19583.66
0.495890410958904	1967-07-01	71.95	6.33061E-008	19534.29	71.73	7.48242E-008	19459.82
0.498630136986301	1967-07-02	72.03	5.91873E-008	21195.23	71.81	7.03253E-008	21124.85
0.580821917808219	1967-08-01	72.28	4.7389E-008	21290.67	72.08	5.64917E-008	21227.15
0.665753424657534	1967-09-01	72.27	4.79254E-008	21280.88	72.08	5.69513E-008	21217.74
0.747945205479452	1967-10-01	72.22	5.04871E-008	21261.56	72.02	5.98306E-008	21198.07
0.750684931506849	1967-10-02	72.26	4.84637E-008	22087.04	72.07	5.76046E-008	22025.27
0.832876712328767	1967-11-01	72.46	4.01605E-008	22159.04	72.29	4.76108E-008	22104.77
0.915068493150685	1967-12-01	72.53	3.75737E-008	22174.91	72.37	4.42347E-008	22124.07
1	1968-01-01	72.55	3.67264E-008	22183.04	72.4	4.30027E-008	22134.81
1.0027397260274	1968-01-02	0	0	23001.93	0	0	22954.69
2.0027397260274	1969-01-01	0	0	23318.34	0	0	23306.25
3.0027397260274	1970-01-01	0	0	23413	0	0	23409.59
4.0027397260274	1971-01-01	0	0	23464.18	0	0	23463.26
4.00547945205479	1971-01-02	73.92	3.19676E-009	21085.34	73.91	3.3062E-009	21090.11
4.4986301369863	1971-07-01	72.27	5.3776E-008	20271.45	72.16	6.01798E-008	20190.51
5.0027397260274	1972-01-01	71.04	1.43566E-007	19878.51	70.75	1.85605E-007	19766.61
5.00547945205479	1972-01-02	0	0	22460.76	0	0	22362.56
5.04109589041096	1972-01-15	0	0	22634.34	0	0	22546.6
5.04383561643836	1972-01-16	71.3	1.38255E-007	20096.5	71.02	1.86761E-007	19998.29
5.5013698630137	1972-07-01	70.23	3.66446E-007	19640.8	69.88	5.06666E-007	19508.91
6.00547945205479	1973-01-01	69.49	9.0565E-007	19391.81	69.19	1.1314E-006	19217.81
6.00821917808219	1973-01-02	0	0	22079.67	0	0	21933.87
6.04383561643836	1973-01-15	0	0	22272.13	0	0	22134.94
6.04657534246575	1973-01-16	70.14	7.87253E-007	19638.31	69.71	1.25721E-006	19478.19
6.5013698630137	1973-07-01	69.18	1.53853E-006	19222.62	68.7	2.971E-006	19034.15
7.00547945205479	1974-01-01	68.62	3.4302E-006	19018.91	68.07	7.59447E-006	18802.39
7.00821917808219	1974-01-02	0	0	21810.58	0	0	21633.28
7.04383561643836	1974-01-15	0	0	22013.21	0	0	21848.54
7.04657534246575	1974-01-16	69.31	3.17682E-006	19287.76	68.79	7.24469E-006	19082.72
7.5013698630137	1974-07-01	68.4	5.72913E-006	18870.02	67.83	1.63583E-005	18626.53
8.00547945205479	1975-01-01	67.81	9.55692E-005	18534.22	67.22	0.000202769	18259.77
8.00821917808219	1975-01-02	0	0	21553.04	0	0	21369.92
8.04383561643836	1975-01-15	0	0	21762.14	0	0	21587.64
8.04657534246575	1975-01-16	68.51	9.1975E-005	18810.41	67.96	0.000196352	18549.23
8.5013698630137	1975-07-01	67.59	0.00165026	18202.23	67.02	0.00272914	17936.71
9.00547945205479	1976-01-01	67.09	0.0175704	17709	66.59	0.0159341	17472.24
9.00821917808219	1976-01-02	0	0	21332.32	0	0	21144.67
9.04383561643836	1976-01-15	0	0	21541.81	0	0	21371.46
9.04657534246575	1976-01-16	67.79	0.0168035	18006.11	67.25	0.0217499	17789.87
9.5041095890411	1976-07-01	66.92	0.0600116	17298.76	66.31	0.0684176	17097.88
10.0082191780822	1977-01-01	66.52	0.150472	16733.29	65.85	0.161684	16594.43
10.0109589041096	1977-01-02	0	0	21129.83	0	0	20914.86
10.0465753424658	1977-01-15	0	0	21348.45	0	0	21161.79
10.0493150684932	1977-01-16	67.16	0.1746	17070.27	66.56	0.182872	16961.87
10.5041095890411	1977-07-01	66.27	0.245378	16167.64	65.56	0.233813	15873.45
11.0082191780822	1978-01-01	66.17	0.329022	14747.68	65.05	0.306764	14383.06
11.0109589041096	1978-01-02	0	0	20898.03	0	0	20694.95
11.0465753424658	1978-01-15	0	0	21161.31	0	0	20965.44
11.0493150684932	1978-01-16	67.12	0.341321	15229.85	65.95	0.304801	14882.28
11.5041095890411	1978-07-01	68.3	0.396847	12729.99	65.87	0.370151	12379.51
12.0082191780822	1979-01-01	91.28	0.449928	9560.3	69.36	0.439806	8382.35
12.0109589041096	1979-01-02	0	0	20631.97	0	0	20396.92
12.0465753424658	1979-01-15	0	0	20935.05	0	0	20711.26
12.0493150684932	1979-01-16	86.27	0.443543	10515.41	70.47	0.454336	9386.3
12.5041095890411	1979-07-01	114.93	0.478323	6749.77	102.7	0.485199	4559.58
13.0082191780822	1980-01-01	140.52	0.509662	3724.69	138.2	0.525983	1107.03
13.0109589041096	1980-01-02	0	0	20262.75	0	0	19967.77
13.0465753424658	1980-01-15	0	0	20625.13	0	0	20350.81
13.0493150684932	1980-01-16	130.45	0.504887	5691.72	119.12	0.510329	3451.02
13.5068493150685	1980-07-01	152.18	0.529685	2219.92	149.61	0.545494	0
14.0109589041096	1981-01-01	161.81	0.551654	244.31	156.33	0.567624	101.32
14.013698630137	1981-01-02	0	0	19910.65	0	0	19698.34
14.0493150684932	1981-01-15	0	0	20310.61	0	0	20086.56
14.0520547945205	1981-01-16	142.72	0.547916	2795.06	133.23	0.560278	403.88
14.5068493150685	1981-07-01	161.04	0.565988	101.32	153.57	0.586977	101.32
15.0109589041096	1982-01-01	162.95	0.589165	101.32	158.25	0.61162	101.32
15.013698630137	1982-01-02	0	0	19732.73	0	0	19498.64
15.0493150684932	1982-01-15	0	0	20121.44	0	0	19882.06
15.0520547945205	1982-01-16	141.31	0.579942	976.45	133.55	0.605677	101.32
15.5068493150685	1982-07-01	160.69	0.600166	101.32	155.11	0.630156	101.32
16.0109589041096	1983-01-01	162.79	0.620288	101.32	160.67	0.652176	101.32
16.013698630137	1983-01-02	0	0	19588.62	0	0	19334.24
16.0493150684932	1983-01-15	0	0	19969.39	0	0	19709.57
16.0520547945205	1983-01-16	140.99	0.612623	101.32	134.86	0.647895	101.32
16.5068493150685	1983-07-01	160.54	0.632107	101.32	157.18	0.669888	101.32
Well:	PRO-12
tempo(anos)	tempo(data)	gor_truth	wct_truth	bhp_truth	gor_tentativa	wct_tentativa	bhp_tentativa	erro_gor	erro_wct	erro_bhp	limite_gor	limite_wct	limite_bhp
2.73972597260274E-005	1967-01-01	0	0	21574.12	0	0	22606.67
0.00276712328767123	1967-01-02	74	1.32545E-010	21537.12	74	1.23942E-010	22571.03
0.0849315068493151	1967-02-01	73.97	4.44936E-009	21340.15	73.97	4.26213E-009	22379.29
0.161643835616438	1967-03-01	73.8	8.13926E-009	21269.87	73.8	8.02743E-009	22310.77
0.246575342465753	1967-04-01	73.64	1.12195E-008	21211.02	73.63	1.12835E-008	22253.1
0.249315068493151	1967-04-02	73.56	1.2913E-008	19080.17	73.55	1.29816E-008	21169.51
0.328767123287671	1967-05-01	73.02	2.79745E-008	18826.67	73	2.86199E-008	20909.25
0.413698630136986	1967-06-01	72.68	4.05182E-008	18707.37	72.58	4.46147E-008	20781.57
0.495890410958904	1967-07-01	72.46	4.99904E-008	18613.1	72.23	6.05953E-008	20683.3
0.498630136986301	1967-07-02	72.52	4.71208E-008	20801.01	72.29	5.75202E-008	21798.86
0.580821917808219	1967-08-01	72.78	3.66154E-008	20902.07	72.57	4.47282E-008	21902.21
0.665753424657534	1967-09-01	72.77	3.69092E-008	20891.77	72.59	4.38104E-008	21901.09
0.747945205479452	1967-10-01	72.71	3.91952E-008	20870.28	72.55	4.55417E-008	21887.29
0.750684931506849	1967-10-02	72.75	3.7814E-008	21957.35	72.59	4.40632E-008	22441.24
0.832876712328767	1967-11-01	72.95	3.04113E-008	22032.5	72.79	3.58277E-008	22515.29
0.915068493150685	1967-12-01	73.02	2.81429E-008	22047.73	72.87	3.28879E-008	22533.66
1	1968-01-01	73.03	2.75353E-008	22053.91	72.9	3.18463E-008	22543.07
1.0027397260274	1968-01-02	0	0	23132.09	0	0	23092.46
2.0027397260274	1969-01-01	0	0	23408.33	0	0	23392.75
3.0027397260274	1970-01-01	0	0	23490.97	0	0	23485.69
4.0027397260274	1971-01-01	0	0	23537.25	0	0	23535.07
4.00547945205479	1971-01-02	74.28	2.46956E-009	20377.15	74.1	2.48508E-009	21923.28
4.4986301369863	1971-07-01	72.76	4.04821E-008	19640.42	72.69	4.22811E-008	21201.27
5.0027397260274	1972-01-01	71.77	9.82563E-008	19307.46	71.5	1.0619E-007	20863.83
5.00547945205479	1972-01-02	0	0	22681.8	0	0	22585.51
5.04109589041096	1972-01-15	0	0	22848.49	0	0	22750.2
5.04383561643836	1972-01-16	72.08	8.50266E-008	19529.51	71.76	8.9705E-008	21059.25
5.5013698630137	1972-07-01	71.13	2.13679E-007	19104.81	70.76	1.72085E-007	20664.04
6.00547945205479	1973-01-01	70.54	7.10726E-007	18894.7	70.19	2.47045E-007	20448.33
6.00821917808219	1973-01-02	0	0	22375.7	0	0	22227.04
6.04383561643836	1973-01-15	0	0	22547.2	0	0	22399.02
6.04657534246575	1973-01-16	71.11	6.24843E-007	19125.45	70.63	2.08765E-007	20654.4
6.5013698630137	1973-07-01	70.29	1.81824E-006	18746.46	69.79	3.65036E-007	20318.78
7.00547945205479	1974-01-01	69.85	7.54318E-006	18568.51	69.28	6.74918E-007	20164.73
7.00821917808219	1974-01-02	0	0	22163.39	0	0	21986.88
7.04383561643836	1974-01-15	0	0	22338.22	0	0	22161.81
7.04657534246575	1974-01-16	70.44	7.33966E-006	18805.65	69.87	5.72403E-007	20375.38
7.5013698630137	1974-07-01	69.7	1.91191E-005	18431.7	69.09	9.45846E-007	20062.54
8.00547945205479	1975-01-01	69.29	6.13556E-005	18213.57	68.6	1.28575E-006	19910.02
8.00821917808219	1975-01-02	0	0	21987.68	0	0	21774.13
8.04383561643836	1975-01-15	0	0	22164.19	0	0	21954.26
8.04657534246575	1975-01-16	69.88	6.0917E-005	18455.39	69.21	1.1377E-006	20129.24
8.5013698630137	1975-07-01	69.14	0.00012026	18034.49	68.42	1.60088E-006	19812.34
9.00547945205479	1976-01-01	68.78	0.000274502	17784.77	68.04	2.7926E-006	19661.67
9.00821917808219	1976-01-02	0	0	21831.64	0	0	21571.57
9.04383561643836	1976-01-15	0	0	22012.35	0	0	21759.93
9.04657534246575	1976-01-16	69.4	0.000272568	18037.83	68.59	3.25917E-006	19892.17
9.5041095890411	1976-07-01	68.68	0.000450731	17574.66	67.79	1.01138E-005	19559.16
10.0082191780822	1977-01-01	68.44	0.00112889	17279.18	67.46	3.76716E-005	19389.93
10.0109589041096	1977-01-02	0	0	21708.24	0	0	21394.74
10.0465753424658	1977-01-15	0	0	21895.56	0	0	21590.47
10.0493150684932	1977-01-16	69	0.00164161	17547.25	68.04	5.26186E-005	19629.72
10.5041095890411	1977-07-01	68.35	0.00379249	17022.78	67.3	0.000181952	19250.5
11.0082191780822	1978-01-01	68.1	0.0087591	16608.29	66.96	0.00147186	18978.99
11.0109589041096	1978-01-02	0	0	21609.49	0	0	21267.31
11.0465753424658	1978-01-15	0	0	21801.18	0	0	21464.01
11.0493150684932	1978-01-16	68.69	0.0101847	16886.15	67.61	0.00169355	19219.91
11.5041095890411	1978-07-01	68	0.0226109	16156.24	66.88	0.007356	18720.58
12.0082191780822	1979-01-01	67.67	0.0611911	15513.5	66.57	0.0258835	18305.62
12.0109589041096	1979-01-02	0	0	21494.9	0	0	21124.58
12.0465753424658	1979-01-15	0	0	21693.53	0	0	21324.25
12.0493150684932	1979-01-16	68.33	0.0615879	15808.8	67.16	0.0380581	18553.01
12.5041095890411	1979-07-01	67.54	0.108862	14899.97	66.32	0.081576	17921.89
13.0082191780822	1980-01-01	67.17	0.177492	14184.69	65.73	0.17685	17475.2
13.0109589041096	1980-01-02	0	0	21314.63	0	0	20899.8
13.0465753424658	1980-01-15	0	0	21531.45	0	0	21117.46
13.0493150684932	1980-01-16	67.79	0.196951	14521.69	66.45	0.180197	17754.84
13.5068493150685	1980-07-01	66.83	0.245024	13569.73	65.46	0.242638	17137.01
14.0109589041096	1981-01-01	66.4	0.304355	12996.47	64.93	0.30597	16793.04
14.013698630137	1981-01-02	0	0	21068.53	0	0	20615.79
14.0493150684932	1981-01-15	0	0	21308.74	0	0	20867.57
14.0520547945205	1981-01-16	67.07	0.329486	13391.15	65.65	0.325612	17132.86
14.5068493150685	1981-07-01	66.1	0.353035	12596.7	64.58	0.352398	16588.31
15.0109589041096	1982-01-01	65.59	0.388187	12185.82	64.11	0.377525	16322.49
15.013698630137	1982-01-02	0	0	20868.15	0	0	20370.39
15.0493150684932	1982-01-15	0	0	21124.7	0	0	20642.55
15.0520547945205	1982-01-16	66.43	0.392885	12618.78	64.91	0.389682	16693.41
15.5068493150685	1982-07-01	65.46	0.404932	11873.33	63.84	0.402204	16164.53
16.0109589041096	1983-01-01	65.08	0.422883	11498.13	63.41	0.416114	15930.67
16.013698630137	1983-01-02	0	0	20712.2	0	0	20157.22
16.0493150684932	1983-01-15	0	0	20980.28	0	0	20446.46
16.0520547945205	1983-01-16	65.97	0.428095	11958.02	64.27	0.426369	16327.84
16.5068493150685	1983-07-01	65	0.435646	11206.37	63.2	0.433935	15796.16
Well:	PRO-15
tempo(anos)	tempo(data)	gor_truth	wct_truth	bhp_truth	gor_tentativa	wct_tentativa	bhp_tentativa	erro_gor	erro_wct	erro_bhp	limite_gor	limite_wct	limite_bhp
2.73972597260274E-005	1967-01-01	0	0	21279.28	0	0	21278.92
0.00276712328767123	1967-01-02	74	2.3381E-010	21247.85	74	2.84844E-010	21245.87
0.0849315068493151	1967-02-01	74	6.37531E-007	21089.91	74	7.59508E-007	21074.11
0.161643835616438	1967-03-01	73.92	2.68706E-006	20998.69	73.85	3.24069E-006	20971.39
0.246575342465753	1967-04-01	73.71	6.18702E-006	20904.79	73.63	7.59776E-006	20868.98
0.249315068493151	1967-04-02	73.64	6.44305E-006	18421.2	73.56	7.91083E-006	18372.55
0.328767123287671	1967-05-01	73.19	1.8072E-005	18114.93	73.13	1.88194E-005	18029.94
0.413698630136986	1967-06-01	72.76	4.39001E-005	17857.37	72.67	4.61517E-005	17739.28
0.495890410958904	1967-07-01	72.44	7.65641E-005	17619.14	72.21	9.55058E-005	17471.54
0.498630136986301	1967-07-02	72.49	7.72834E-005	20307.96	72.27	9.64286E-005	20199.53
0.580821917808219	1967-08-01	72.55	9.18929E-005	20308.85	72.34	0.000115755	20199.02
0.665753424657534	1967-09-01	72.49	0.000114663	20261.98	72.27	0.000145595	20147.32
0.747945205479452	1967-10-01	72.42	0.000137099	20213.43	72.2	0.000174735	20094.57
0.750684931506849	1967-10-02	72.46	0.000137491	21593.59	72.23	0.000175269	21500.47
0.832876712328767	1967-11-01	72.55	0.000145672	21627.62	72.35	0.000186159	21539.94
0.915068493150685	1967-12-01	72.6	0.000157277	21635.75	72.41	0.000201457	21551.14
1	1968-01-01	72.63	0.000168427	21640.48	72.45	0.000216045	21558.54
1.0027397260274	1968-01-02	0	0	23029.11	0	0	22974.27
2.0027397260274	1969-01-01	0	0	23350.76	0	0	23335.52
3.0027397260274	1970-01-01	0	0	23467.76	0	0	23463.79
4.0027397260274	1971-01-01	0	0	23525.44	0	0	23524.47
4.00547945205479	1971-01-02	74.22	0.000140954	19527.3	74.16	0.000174646	19476.76
4.4986301369863	1971-07-01	72.76	0.000329756	18401.72	72.65	0.000385109	18216.47
5.0027397260274	1972-01-01	71.44	0.000806474	17512.24	71.13	0.000978784	17232.9
5.00547945205479	1972-01-02	0	0	22575.25	0	0	22468.25
5.04109589041096	1972-01-15	0	0	22665.04	0	0	22569.07
5.04383561643836	1972-01-16	71.4	0.00099759	17641.41	71.09	0.00120787	17380.76
5.5013698630137	1972-07-01	70.58	0.00299366	16842.36	70.18	0.00429619	16547.13
6.00547945205479	1973-01-01	69.84	0.00851081	16160.64	69.5	0.0104628	15567.48
6.00821917808219	1973-01-02	0	0	22179.93	0	0	22024.76
6.04383561643836	1973-01-15	0	0	22281.75	0	0	22137.79
6.04657534246575	1973-01-16	70.17	0.00820103	16331.6	69.71	0.0128204	15771.19
6.5013698630137	1973-07-01	69.49	0.0174036	15126.21	68.98	0.0472782	13342.16
7.00547945205479	1974-01-01	68.91	0.0865258	12612.97	68.31	0.158706	10509.45
7.00821917808219	1974-01-02	0	0	21895.52	0	0	21710.45
7.04383561643836	1974-01-15	0	0	22004.94	0	0	21831.3
7.04657534246575	1974-01-16	69.27	0.0821398	12893.03	68.71	0.154243	10828.76
7.5013698630137	1974-07-01	68.61	0.173374	9782.71	68	0.223839	8276.01
8.00547945205479	1975-01-01	67.96	0.27922	7617.27	67.37	0.282769	7209.69
8.00821917808219	1975-01-02	0	0	21604.46	0	0	21422.62
8.04383561643836	1975-01-15	0	0	21729.89	0	0	21550.86
8.04657534246575	1975-01-16	68.37	0.267979	8031.93	67.8	0.275465	7576.61
8.5013698630137	1975-07-01	67.69	0.308206	6822.67	67.12	0.29408	6763.09
9.00547945205479	1976-01-01	67.17	0.325451	6331.85	66.68	0.302144	6380.96
9.00821917808219	1976-01-02	0	0	21362.19	0	0	21168.58
9.04383561643836	1976-01-15	0	0	21491.74	0	0	21308.36
9.04657534246575	1976-01-16	67.61	0.315105	6775.07	67.03	0.296291	6753.65
9.5041095890411	1976-07-01	67.01	0.319822	6271.54	66.4	0.298037	6285.63
10.0082191780822	1977-01-01	66.69	0.315442	6185.7	66.02	0.29775	6016.37
10.0109589041096	1977-01-02	0	0	21183.95	0	0	20972.2
10.0465753424658	1977-01-15	0	0	21318.05	0	0	21095.95
10.0493150684932	1977-01-16	67.07	0.304323	6606.31	66.36	0.295413	6335.33
10.5041095890411	1977-07-01	66.54	0.305957	6184.32	65.77	0.294675	5938.53
11.0082191780822	1978-01-01	66.17	0.305673	6041.35	65.37	0.287535	5834.42
11.0109589041096	1978-01-02	0	0	21018.33	0	0	20787.59
11.0465753424658	1978-01-15	0	0	21151.89	0	0	20924.69
11.0493150684932	1978-01-16	66.53	0.29593	6420.94	65.81	0.285369	6142.3
11.5041095890411	1978-07-01	66	0.290788	6157.92	65.24	0.279503	5855.21
12.0082191780822	1979-01-01	65.57	0.279754	6079.73	64.85	0.275013	5624.31
12.0109589041096	1979-01-02	0	0	20848.27	0	0	20597.39
12.0465753424658	1979-01-15	0	0	20969.46	0	0	20705.36
12.0493150684932	1979-01-16	65.92	0.275226	6375.05	65.12	0.276891	5841.02
12.5041095890411	1979-07-01	65.36	0.273223	6006.21	64.6	0.306651	0
13.0082191780822	1980-01-01	64.86	0.279703	5446.88	71.77	0.347603	101.32
13.0109589041096	1980-01-02	0	0	20594.19	0	0	20328
13.0465753424658	1980-01-15	0	0	20695.02	0	0	20435.01
13.0493150684932	1980-01-16	65.09	0.28133	5745.62	71.26	0.34034	101.32
13.5068493150685	1980-07-01	66.41	0.324561	0	79.05	0.363895	101.32
14.0109589041096	1981-01-01	72.09	0.353022	101.32	112.9	0.38277	101.32
14.013698630137	1981-01-02	0	0	20329.11	0	0	20096.34
14.0493150684932	1981-01-15	0	0	20427.41	0	0	20180.58
14.0520547945205	1981-01-16	74.04	0.348491	101.32	104.15	0.377833	101.32
14.5068493150685	1981-07-01	83.38	0.362407	101.32	129.33	0.39529	101.32
15.0109589041096	1982-01-01	113.83	0.375328	101.32	144.63	0.409332	101.32
15.013698630137	1982-01-02	0	0	20140.21	0	0	19873.35
15.0493150684932	1982-01-15	0	0	20223.73	0	0	19953.29
15.0520547945205	1982-01-16	97.32	0.363141	101.32	124.43	0.402067	101.32
15.5068493150685	1982-07-01	115.29	0.375868	101.32	141.18	0.416491	101.32
16.0109589041096	1983-01-01	124	0.38546	101.32	148.15	0.427055	101.32
16.013698630137	1983-01-02	0	0	19971.87	0	0	19683.3
16.0493150684932	1983-01-15	0	0	20053.53	0	0	19764.3
16.0520547945205	1983-01-16	105.16	0.373603	101.32	125.21	0.419424	101.32
16.5068493150685	1983-07-01	117.3	0.384687	101.32	138.83	0.43121	101.32
Well:	PRO-1
tempo(anos)	tempo(data)	gor_truth	wct_truth	bhp_truth	gor_tentativa	wct_tentativa	bhp_tentativa	erro_gor	erro_wct	erro_bhp	limite_gor	limite_wct	limite_bhp
2.73972597260274E-005	1967-01-01	0	0	22590.01	0	0	22586.35
0.00276712328767123	1967-01-02	74	1.03217E-010	22557.56	74	1.10502E-010	22552.76
0.0849315068493151	1967-02-01	73.76	3.15638E-009	22388.83	73.73	3.52697E-009	22373.13
0.161643835616438	1967-03-01	73.51	6.50604E-009	22317.95	73.45	7.39666E-009	22295.87
0.246575342465753	1967-04-01	73.32	9.76204E-009	22255.67	73.25	1.11683E-008	22228.42
0.249315068493151	1967-04-02	73.25	1.11951E-008	21269.4	73.18	1.27674E-008	21235.58
0.328767123287671	1967-05-01	72.7	2.59609E-008	21044.4	72.66	2.75249E-008	20986.56
0.413698630136986	1967-06-01	72.27	4.1606E-008	20912.9	72.19	4.49841E-008	20843.42
0.495890410958904	1967-07-01	71.98	5.45071E-008	20807.21	71.79	6.40651E-008	20729.79
0.498630136986301	1967-07-02	72.03	5.20417E-008	21820.22	71.84	6.13346E-008	21751.93
0.580821917808219	1967-08-01	72.23	4.33413E-008	21891.56	72.04	5.16298E-008	21824.68
0.665753424657534	1967-09-01	72.22	4.38783E-008	21882.1	72.03	5.22707E-008	21814.76
0.747945205479452	1967-10-01	72.16	4.62418E-008	21863.62	71.97	5.4921E-008	21795.85
0.750684931506849	1967-10-02	72.19	4.49689E-008	22368.49	72	5.34859E-008	22305.38
0.832876712328767	1967-11-01	72.35	3.83212E-008	22426.43	72.18	4.56128E-008	22368.14
0.915068493150685	1967-12-01	72.42	3.58236E-008	22441.55	72.25	4.23991E-008	22386.29
1	1968-01-01	72.44	3.48836E-008	22449.62	72.28	4.1038E-008	22397
1.0027397260274	1968-01-02	0	0	22951.38	0	0	22903.07
2.0027397260274	1969-01-01	0	0	23258.15	0	0	23246.07
3.0027397260274	1970-01-01	0	0	23354.69	0	0	23351.45
4.0027397260274	1971-01-01	0	0	23406.38	0	0	23405.68
4.00547945205479	1971-01-02	73.82	2.48974E-009	21949.36	73.82	2.56036E-009	21941.48
4.4986301369863	1971-07-01	72.29	4.37515E-008	21233.14	72.2	4.79235E-008	21152.11
5.0027397260274	1972-01-01	71.07	1.08236E-007	20875.83	70.8	1.28353E-007	20761.91
5.00547945205479	1972-01-02	0	0	22449.41	0	0	22356.68
5.04109589041096	1972-01-15	0	0	22584.26	0	0	22496.34
5.04383561643836	1972-01-16	71.23	9.74815E-008	21038.18	70.95	1.17014E-007	20932.49
5.5013698630137	1972-07-01	70.28	1.74272E-007	20660.45	69.93	2.07603E-007	20528.15
6.00547945205479	1973-01-01	69.57	2.58953E-007	20449.12	69.27	2.88379E-007	20281.48
6.00821917808219	1973-01-02	0	0	22081.38	0	0	21929.88
6.04383561643836	1973-01-15	0	0	22218.2	0	0	22085.54
6.04657534246575	1973-01-16	70.06	2.07722E-007	20622.59	69.63	2.51457E-007	20466.27
6.5013698630137	1973-07-01	69.27	3.15264E-007	20309.4	68.79	3.79537E-007	20131.49
7.00547945205479	1974-01-01	68.71	4.55424E-007	20142.63	68.18	5.61414E-007	19945.65
7.00821917808219	1974-01-02	0	0	21810.84	0	0	21639.96
7.04383561643836	1974-01-15	0	0	21951.41	0	0	21789.93
7.04657534246575	1974-01-16	69.18	3.90534E-007	20307.31	68.67	4.85281E-007	20119.02
7.5013698630137	1974-07-01	68.49	6.04589E-007	20029.76	67.93	7.59422E-007	19820.67
8.00547945205479	1975-01-01	67.91	1.0653E-006	19849.01	67.34	1.35383E-006	19635.78
8.00821917808219	1975-01-02	0	0	21556.18	0	0	21378.28
8.04383561643836	1975-01-15	0	0	21692.54	0	0	21523.25
8.04657534246575	1975-01-16	68.37	9.74783E-007	20014.76	67.84	1.24519E-006	19813.19
8.5013698630137	1975-07-01	67.68	1.57273E-006	19732.55	67.12	2.00538E-006	19522.66
9.00547945205479	1976-01-01	67.16	3.21308E-006	19568.38	66.69	3.47617E-006	19353.62
9.00821917808219	1976-01-02	0	0	21332.26	0	0	21153.1
9.04383561643836	1976-01-15	0	0	21467.4	0	0	21297.87
9.04657534246575	1976-01-16	67.65	3.07728E-006	19747.05	67.11	3.89594E-006	19542.97
9.5041095890411	1976-07-01	67.02	5.47047E-006	19418.5	66.43	7.08703E-006	19220.6
10.0082191780822	1977-01-01	66.69	9.91144E-006	19139.05	66.06	1.30632E-005	18945.44
10.0109589041096	1977-01-02	0	0	21142.2	0	0	20944.14
10.0465753424658	1977-01-15	0	0	21294.23	0	0	21106.19
10.0493150684932	1977-01-16	67.12	1.12779E-005	19332.85	66.51	1.49633E-005	19151.64
10.5041095890411	1977-07-01	66.8	1.69024E-005	18946.4	66	2.50029E-005	18766.2
11.0082191780822	1978-01-01	66.98	3.08689E-005	18644.51	66.05	5.12919E-005	18477.21
11.0109589041096	1978-01-02	0	0	20981.09	0	0	20775.94
11.0465753424658	1978-01-15	0	0	21132.9	0	0	20938.22
11.0493150684932	1978-01-16	67.44	3.48699E-005	18844	66.48	5.0717E-005	18686.3
11.5041095890411	1978-07-01	69.22	5.43524E-005	18430.34	66.24	8.03682E-005	18258.24
12.0082191780822	1979-01-01	74.91	9.48996E-005	18087.96	68.39	0.000127969	17878.83
12.0109589041096	1979-01-02	0	0	20786.52	0	0	20555.49
12.0465753424658	1979-01-15	0	0	20933.02	0	0	20712.22
12.0493150684932	1979-01-16	73.55	9.28951E-005	18315.87	68.51	0.000141537	18110.85
12.5041095890411	1979-07-01	78.11	0.000134271	17825.38	72.31	0.000207889	17578.43
13.0082191780822	1980-01-01	88.18	0.000194969	17417.28	78.17	0.000344317	17104.08
13.0109589041096	1980-01-02	0	0	20490.75	0	0	20222.47
13.0465753424658	1980-01-15	0	0	20645.07	0	0	20380.49
13.0493150684932	1980-01-16	81.76	0.000210012	17666.19	76.16	0.000336064	17376.07
13.5068493150685	1980-07-01	96.4	0.00028879	17170.21	81.06	0.000478654	16784.47
14.0109589041096	1981-01-01	104.09	0.000387467	16814.29	92.06	0.00070287	16366.14
14.013698630137	1981-01-02	0	0	20162.78	0	0	19906.07
14.0493150684932	1981-01-15	0	0	20326.68	0	0	20080.28
14.0520547945205	1981-01-16	92.48	0.000422719	17094.69	81.15	0.000764338	16669.23
14.5068493150685	1981-07-01	101.71	0.000530185	16646.26	91.53	0.00111941	16120.81
15.0109589041096	1982-01-01	106.24	0.000806431	16368.07	95.55	0.0037701	15672.35
15.013698630137	1982-01-02	0	0	19951.37	0	0	19673.43
15.0493150684932	1982-01-15	0	0	20117.33	0	0	19852.71
15.0520547945205	1982-01-16	91.6	0.000786074	16662.99	82.03	0.00526178	16012.19
15.5068493150685	1982-07-01	101.23	0.001015	16218.2	88.71	0.0110642	15349.73
16.0109589041096	1983-01-01	104.93	0.00164037	15923.41	91.57	0.0203822	14668.42
16.013698630137	1983-01-02	0	0	19781.48	0	0	19492.35
16.0493150684932	1983-01-15	0	0	19947.47	0	0	19673.37
16.0520547945205	1983-01-16	89.31	0.00168569	16232.6	83.2	0.023022	15075.47
16.5068493150685	1983-07-01	99.72	0.00399776	15767.9	87.3	0.0513744	14135.84
