                                              Y1              Y1              Y1              Y1              Y1              Y1
                                           PRO-1          PRO-11          PRO-12          PRO-15           PRO-4           PRO-5
            TIME            DATE    Water Cut SC    Water Cut SC    Water Cut SC    Water Cut SC    Water Cut SC    Water Cut SC
           (day)                              ()              ()              ()              ()              ()              ()
       1.0100000      1967-01-02    6.42266e-010    1.09213e-009    6.87375e-010    3.39427e-010    4.47200e-010    4.30981e-010
       31.000000      1967-02-01    5.94217e-009    9.83694e-009    6.77455e-009    3.87876e-009    2.31380e-009    5.20820e-009
       59.000000      1967-03-01    1.06960e-008    1.57572e-008    1.16704e-008    7.88384e-009    4.86191e-009    9.73342e-009
       90.000000      1967-04-01    1.51976e-008    2.06542e-008    1.58804e-008    1.19066e-008    7.90014e-009    1.35526e-008
       91.000000      1967-04-02    2.13055e-008    2.85760e-008    2.14388e-008    1.54394e-008    1.17903e-008    1.77025e-008
       120.00000      1967-05-01    4.20253e-008    6.06100e-008    4.38374e-008    2.94183e-008    2.22302e-008    3.48048e-008
       151.00000      1967-06-01    6.59711e-008    9.15472e-008    6.78617e-008    5.12647e-008    3.98610e-008    5.60701e-008
       181.00000      1967-07-01    7.96560e-008    1.08499e-007    8.15018e-008    6.50819e-008    5.16011e-008    6.79418e-008
       182.00000      1967-07-02    7.32613e-008    9.81637e-008    7.50623e-008    6.26512e-008    4.59369e-008    6.37036e-008
       212.00000      1967-08-01    5.88433e-008    7.04691e-008    5.70998e-008    5.68428e-008    4.17955e-008    5.11518e-008
       243.00000      1967-09-01    6.00996e-008    7.16545e-008    5.72821e-008    6.03214e-008    4.59527e-008    5.05226e-008
       273.00000      1967-10-01    6.37664e-008    7.72045e-008    5.98911e-008    6.42209e-008    4.95392e-008    5.23147e-008
       274.00000      1967-10-02    5.83124e-008    7.05058e-008    5.50342e-008    6.05825e-008    4.50993e-008    4.86523e-008
       304.00000      1967-11-01    4.89463e-008    5.61983e-008    4.42389e-008    5.40876e-008    3.93928e-008    4.02520e-008
       334.00000      1967-12-01    4.62912e-008    5.43344e-008    4.12971e-008    5.17167e-008    3.82659e-008    3.71483e-008
       365.00000      1968-01-01    4.53774e-008    5.49501e-008    4.02098e-008    5.04471e-008    3.78865e-008    3.59149e-008
       366.00000      1968-01-02      0.00000000      0.00000000      0.00000000      0.00000000      0.00000000      0.00000000
       731.00000      1969-01-01      0.00000000      0.00000000      0.00000000      0.00000000      0.00000000      0.00000000
       1096.0000      1970-01-01      0.00000000      0.00000000      0.00000000      0.00000000      0.00000000      0.00000000
       1461.0000      1971-01-01      0.00000000      0.00000000      0.00000000      0.00000000      0.00000000      0.00000000
       1462.0000      1971-01-02    5.66555e-009    1.12768e-008    4.86306e-009    4.82270e-009    5.27672e-009    4.43698e-009
       1642.0000      1971-07-01    6.35181e-008    1.12977e-007    5.94563e-008    4.91050e-008    4.27811e-008    5.42744e-008
       1826.0000      1972-01-01    1.82534e-007    4.05702e-007    1.36372e-007    1.37164e-007    1.53962e-007    1.61167e-007
       1827.0000      1972-01-02      0.00000000      0.00000000      0.00000000      0.00000000      0.00000000      0.00000000
       1840.0000      1972-01-15      0.00000000      0.00000000      0.00000000      0.00000000      0.00000000      0.00000000
       1841.0000      1972-01-16    1.63385e-007    5.18386e-007    1.08108e-007    1.40298e-007    1.56897e-007    1.73710e-007
       2008.0000      1972-07-01    3.22400e-007    2.25711e-006    2.06291e-007    2.29957e-007    3.52110e-007    4.59667e-007
       2192.0000      1973-01-01    4.75081e-007    3.28187e-005    2.92638e-007    3.47817e-007    5.40366e-007    1.99953e-006
       2193.0000      1973-01-02      0.00000000      0.00000000      0.00000000      0.00000000      0.00000000      0.00000000
       2206.0000      1973-01-15      0.00000000      0.00000000      0.00000000      0.00000000      0.00000000      0.00000000
       2207.0000      1973-01-16    3.64867e-007    5.22729e-005    2.24635e-007    3.20387e-007    4.08937e-007    2.52132e-006
       2373.0000      1973-07-01    5.60755e-007     0.000607589    3.48648e-007    4.33184e-007    6.24927e-007    6.35168e-006
       2557.0000      1974-01-01    6.92514e-007       0.0121957    4.28638e-007    5.53895e-007    7.43207e-007    3.54622e-005
       2558.0000      1974-01-02      0.00000000      0.00000000      0.00000000      0.00000000      0.00000000      0.00000000
       2571.0000      1974-01-15      0.00000000      0.00000000      0.00000000      0.00000000      0.00000000      0.00000000
       2572.0000      1974-01-16    5.35647e-007       0.0189619    3.29415e-007    5.03063e-007    5.52336e-007    4.75916e-005
       2738.0000      1974-07-01    7.55595e-007       0.0542589    4.68452e-007    6.34337e-007    7.70787e-007     0.000110153
       2922.0000      1975-01-01    8.89149e-007        0.117341    5.39798e-007    7.61699e-007    8.96821e-007     0.000615070
       2923.0000      1975-01-02      0.00000000      0.00000000      0.00000000      0.00000000      0.00000000      0.00000000
       2936.0000      1975-01-15      0.00000000      0.00000000      0.00000000      0.00000000      0.00000000      0.00000000
       2937.0000      1975-01-16    6.97275e-007        0.129858    4.18822e-007    6.93301e-007    7.01645e-007     0.000953108
       3103.0000      1975-07-01    9.60126e-007        0.202183    5.75738e-007    8.51887e-007    2.65349e-006      0.00217667
       3287.0000      1976-01-01    1.12392e-006        0.300512    6.52242e-007    1.01736e-006     0.000142901      0.00482244
       3288.0000      1976-01-02      0.00000000      0.00000000      0.00000000      0.00000000      0.00000000      0.00000000
       3301.0000      1976-01-15      0.00000000      0.00000000      0.00000000      0.00000000      0.00000000      0.00000000
       3302.0000      1976-01-16    8.85923e-007        0.309054    5.11408e-007    9.48110e-007     0.000254690      0.00550189
       3469.0000      1976-07-01    1.19744e-006        0.360156    6.86363e-007    1.14365e-006      0.00744410       0.0112764
       3653.0000      1977-01-01    1.37474e-006        0.417919    7.63440e-007    1.34925e-006        0.119448       0.0198012
       3654.0000      1977-01-02      0.00000000      0.00000000      0.00000000      0.00000000      0.00000000      0.00000000
       3667.0000      1977-01-15      0.00000000      0.00000000      0.00000000      0.00000000      0.00000000      0.00000000
       3668.0000      1977-01-16    1.09762e-006        0.423285    6.08662e-007    1.29064e-006        0.194515       0.0218912
       3834.0000      1977-07-01    1.48054e-006        0.464690    8.09886e-007    1.53133e-006        0.303144       0.0294739
       4018.0000      1978-01-01    1.71635e-006        0.504110    9.15356e-007    1.87755e-006        0.391738       0.0436029
       4019.0000      1978-01-02      0.00000000      0.00000000      0.00000000      0.00000000      0.00000000      0.00000000
       4032.0000      1978-01-15      0.00000000      0.00000000      0.00000000      0.00000000      0.00000000      0.00000000
       4033.0000      1978-01-16    1.38620e-006        0.504836    7.43965e-007    1.94927e-006        0.415863       0.0458649
       4199.0000      1978-07-01    1.86033e-006        0.535709    1.12622e-006    4.20499e-006        0.441548       0.0530640
       4383.0000      1979-01-01    2.22687e-006        0.561396    1.97600e-005    9.01023e-006        0.480821       0.0611884
       4384.0000      1979-01-02      0.00000000      0.00000000      0.00000000      0.00000000      0.00000000      0.00000000
       4397.0000      1979-01-15      0.00000000      0.00000000      0.00000000      0.00000000      0.00000000      0.00000000
       4398.0000      1979-01-16    1.82151e-006        0.558803    3.60762e-005    7.44019e-006        0.491768       0.0603292
       4564.0000      1979-07-01    2.42845e-006        0.583570      0.00103658    1.05359e-005        0.514531       0.0645438
       4748.0000      1980-01-01    2.88626e-006        0.605676       0.0457891    1.28459e-005        0.543790       0.0680326
       4749.0000      1980-01-02      0.00000000      0.00000000      0.00000000      0.00000000      0.00000000      0.00000000
       4762.0000      1980-01-15      0.00000000      0.00000000      0.00000000      0.00000000      0.00000000      0.00000000
       4763.0000      1980-01-16    2.37663e-006        0.607667       0.0815375    1.03520e-005        0.564310       0.0658980
       4930.0000      1980-07-01    3.10272e-006        0.626031        0.181329    1.43245e-005        0.566041       0.0683987
       5114.0000      1981-01-01    3.61953e-006        0.645241        0.277853     0.000179972        0.585045       0.0696296
       5115.0000      1981-01-02      0.00000000      0.00000000      0.00000000      0.00000000      0.00000000      0.00000000
       5128.0000      1981-01-15      0.00000000      0.00000000      0.00000000      0.00000000      0.00000000      0.00000000
       5129.0000      1981-01-16    2.99771e-006        0.650934        0.313875     0.000253775        0.601163       0.0668967
       5295.0000      1981-07-01    3.81623e-006        0.662539        0.332848      0.00188743        0.603181       0.0685831
       5479.0000      1982-01-01    4.29175e-006        0.688810        0.370916      0.00627200        0.618259       0.0686263
       5480.0000      1982-01-02      0.00000000      0.00000000      0.00000000      0.00000000      0.00000000      0.00000000
       5493.0000      1982-01-15      0.00000000      0.00000000      0.00000000      0.00000000      0.00000000      0.00000000
       5494.0000      1982-01-16    3.52977e-006        0.698132        0.400356      0.00598960        0.629086       0.0655456
       5660.0000      1982-07-01    4.35167e-006        0.715701        0.407972       0.0254527        0.632262       0.0666917
       5844.0000      1983-01-01    4.65349e-006        0.738841        0.435371       0.0410937        0.642043       0.0665491
       5845.0000      1983-01-02      0.00000000      0.00000000      0.00000000      0.00000000      0.00000000      0.00000000
       5858.0000      1983-01-15      0.00000000      0.00000000      0.00000000      0.00000000      0.00000000      0.00000000
       5859.0000      1983-01-16    3.83296e-006        0.748098        0.466504       0.0352771        0.654428       0.0635288
       6025.0000      1983-07-01    4.64023e-006        0.758076        0.465032       0.0489248        0.652959       0.0651889

                                              Y1              Y1              Y1              Y1              Y1              Y1
                                           PRO-1          PRO-11          PRO-12          PRO-15           PRO-4           PRO-5
            TIME            DATE            Well            Well            Well            Well            Well            Well
                                     Bottom-hole     Bottom-hole     Bottom-hole     Bottom-hole     Bottom-hole     Bottom-hole
                                        Pressure        Pressure        Pressure        Pressure        Pressure        Pressure
           (day)                           (kPa)           (kPa)           (kPa)           (kPa)           (kPa)           (kPa)
    0.0099999998      1967-01-01  22657.04296875  22455.81054688  22843.40429688  21796.21484375  22410.95507813  23067.70507813
       1.0100000      1967-01-02  22578.06250000  22351.19921875  22760.81054688  21738.64843750  22345.08398438  23002.28515625
       31.000000      1967-02-01  22386.03515625  22106.69726563  22558.35546875  21580.69726563  22245.32226563  22818.55859375
       59.000000      1967-03-01  22311.21484375  22032.38281250  22486.63867188  21496.86718750  22178.46093750  22744.97070313
       90.000000      1967-04-01  22243.64843750  21969.10546875  22425.92382813  21421.56640625  22111.30859375  22685.97070313
       91.000000      1967-04-02  21264.00195313  20682.56445313  21575.66992188  19482.40820313  20876.92968750  22066.61718750
       120.00000      1967-05-01  20998.21875000  20330.89453125  21299.82226563  19227.17578125  20678.38671875  21833.62695313
       151.00000      1967-06-01  20866.89453125  20186.39062500  21174.36328125  19055.63281250  20533.62890625  21713.71289063
       181.00000      1967-07-01  20748.78320313  20060.33984375  21061.10351563  18900.50390625  20400.87695313  21610.14453125
       182.00000      1967-07-02  21752.96679688  21399.19335938  21937.55664063  20908.34179688  21678.90429688  22245.05468750
       212.00000      1967-08-01  21849.83203125  21573.19531250  22057.79296875  20950.48828125  21709.36914063  22335.41406250
       243.00000      1967-09-01  21835.90820313  21567.05859375  22049.53125000  20925.00390625  21678.34960938  22334.87304688
       273.00000      1967-10-01  21811.67968750  21547.16406250  22031.89453125  20897.23828125  21650.45507813  22323.07812500
       274.00000      1967-10-02  22312.57421875  22206.15039063  22466.43164063  21898.42968750  22285.56054688  22638.41210938
       304.00000      1967-11-01  22382.36523438  22313.43164063  22549.92578125  21947.20898438  22334.23437500  22707.93164063
       334.00000      1967-12-01  22395.88476563  22329.43945313  22565.78906250  21960.41601563  22339.55273438  22727.08789063
       365.00000      1968-01-01  22402.66210938  22336.42968750  22574.35351563  21969.78320313  22342.67382813  22737.85546875
       366.00000      1968-01-02  22899.65820313  22986.60156250  23004.41015625  22963.04882813  22978.02343750  23050.49414063
       731.00000      1969-01-01  23235.49609375  23337.07226563  23333.12500000  23313.18359375  23272.80468750  23358.02734375
       1096.0000      1970-01-01  23341.32031250  23434.57031250  23429.47851563  23436.80078125  23374.37109375  23449.56054688
       1461.0000      1971-01-01  23398.90625000  23488.80078125  23481.70507813  23500.68359375  23429.00781250  23499.65820313
       1462.0000      1971-01-02  21958.59765625  21594.24414063  22228.77929688  20631.61328125  21585.16601563  22579.04296875
       1642.0000      1971-07-01  21040.68945313  20645.82617188  21450.93750000  19801.09765625  20886.29101563  21882.45507813
       1826.0000      1972-01-01  20356.73437500  20228.53515625  21091.60742188  19304.37695313  19455.73437500  21554.26367188
       1827.0000      1972-01-02  22293.38671875  22328.39062500  22451.76757813  22456.38085938  22479.17968750  22537.13281250
       1840.0000      1972-01-15  22499.01562500  22613.45117188  22668.71875000  22572.89453125  22640.00585938  22697.41406250
       1841.0000      1972-01-16  20620.11718750  20569.57812500  21343.08203125  19454.91796875  19713.73046875  21731.94531250
       2008.0000      1972-07-01  19988.09570313  19928.14257813  20851.74609375  18959.38671875  18545.49023438  21339.81640625
       2192.0000      1973-01-01  19677.36718750  19584.84179688  20604.79296875  18607.04101563  18246.24804688  21112.98632813
       2193.0000      1973-01-02  21770.30468750  21856.47265625  22023.43750000  21943.24023438  21968.12500000  22137.69140625
       2206.0000      1973-01-15  22014.44531250  22159.11523438  22251.64648438  22070.39648438  22188.80468750  22305.64648438
       2207.0000      1973-01-16  19995.98632813  19952.20312500  20870.71679688  18776.06250000  18647.13671875  21300.86132813
       2373.0000      1973-07-01  19491.42773438  19310.14648438  20441.53710938  18384.75781250  18131.37304688  20962.32226563
       2557.0000      1974-01-01  19285.02343750  18910.15234375  20270.49609375  18140.16406250  18023.77343750  20792.62500000
       2558.0000      1974-01-02  21469.35742188  21559.36718750  21747.77734375  21613.65039063  21703.53515625  21867.48437500
       2571.0000      1974-01-15  21719.98242188  21887.57421875  21977.88867188  21750.56835938  21940.29101563  22042.61328125
       2572.0000      1974-01-16  19617.48828125  19325.75000000  20554.68750000  18326.41406250  18461.05664063  20990.90234375
       2738.0000      1974-07-01  19156.96679688  18197.75976563  20168.30664063  17991.11523438  18070.43945313  20682.77539063
       2922.0000      1975-01-01  18970.78125000  16554.62890625  20034.82812500  17798.54687500  17994.90429688  20535.34765625
       2923.0000      1975-01-02  21240.29882813  21276.43750000  21551.81445313  21379.48632813  21511.29882813  21681.66796875
       2936.0000      1975-01-15  21497.31445313  21662.75390625  21788.29687500  21520.91015625  21764.81835938  21860.64843750
       2937.0000      1975-01-16  19316.65039063  17134.05468750  20327.58398438  17993.16992188  18417.54492188  20738.61132813
       3103.0000      1975-07-01  18839.39062500  14800.43457031  19947.25000000  17679.63867188  17902.02343750  20434.90234375
       3287.0000      1976-01-01  18644.93359375  13310.96289063  19821.07421875  17502.58398438  17482.60742188  20292.84375000
       3288.0000      1976-01-02  21005.52539063  20943.99023438  21363.88085938  21178.14062500  21311.29296875  21518.73828125
       3301.0000      1976-01-15  21279.08203125  21425.73437500  21619.09765625  21308.97265625  21598.31835938  21701.79882813
       3302.0000      1976-01-16  19013.35156250  14247.07519531  20121.15429688  17687.60742188  17945.54882813  20500.25976563
       3469.0000      1976-07-01  18521.34179688  12147.21875000  19744.03515625  17387.23046875  16569.97460938  20203.17187500
       3653.0000      1977-01-01  18320.37695313  10708.17480469  19620.26171875  17195.12304688  14975.14160156  20068.54882813
       3654.0000      1977-01-02  20783.71093750  20639.21679688  21204.04492188  20963.46679688  21128.67773438  21367.92382813
       3667.0000      1977-01-15  21071.14062500  21201.06250000  21464.02343750  21096.63085938  21460.76367188  21555.89843750
       3668.0000      1977-01-16  18715.79101563  11934.66894531  19928.68164063  17381.00781250  15608.30859375  20284.10937500
       3834.0000      1977-07-01  18179.14062500   9671.54980469  19534.79882813  17070.29687500  14091.71484375  19981.66210938
       4018.0000      1978-01-01  17949.64257813   8476.93554688  19385.99609375  16338.13183594  13616.79394531  19840.84179688
       4019.0000      1978-01-02  20529.80273438  20301.00390625  21018.36132813  20710.79492188  20810.13085938  21199.99218750
       4032.0000      1978-01-15  20825.89257813  20945.51171875  21285.59375000  20845.36523438  21237.73437500  21392.95703125
       4033.0000      1978-01-16  18365.23437500   9915.06835938  19706.51171875  16594.84179688  14504.48242188  20063.89843750
       4199.0000      1978-07-01  17782.20117188   7423.68847656  19273.77539063  10613.53710938  13301.29785156  19747.13085938
       4383.0000      1979-01-01  17484.95312500   6191.95800781  19038.80468750   6399.40673828  12812.89746094  19590.48632813
       4384.0000      1979-01-02  20214.03320313  19887.36718750  20777.95507813  20311.70703125  20508.96875000  20999.46875000
       4397.0000      1979-01-15  20512.87890625  20608.00781250  21067.34570313  20485.97070313  20980.74609375  21195.08007813
       4398.0000      1979-01-16  17916.39257813   7862.34814453  19390.33593750   8883.81445313  13738.50000000  19818.78906250
       4564.0000      1979-07-01  17281.27929688   5075.64892578  18722.63085938   5956.07666016  12255.77929688  19489.98828125
       4748.0000      1980-01-01  16976.80859375   3880.44995117  18072.02734375   5499.99951172  11529.92675781  19332.33203125
       4749.0000      1980-01-02  19876.30859375  19442.10546875  20549.78125000  19958.62890625  20204.06250000  20785.78515625
       4762.0000      1980-01-15  20180.13476563  20248.13867188  20855.46484375  20142.22851563  20709.58398438  20985.69921875
       4763.0000      1980-01-16  17434.47460938   5766.00146484  18451.48242188   8097.32714844  12596.16015625  19567.68164063
       4930.0000      1980-07-01  16785.91210938   2711.97045898  17490.36523438   5084.44970703  10592.22753906  19206.70898438
       5114.0000      1981-01-01  16507.87890625   1344.89001465  16782.47656250   3561.55468750   9157.82324219  19022.01757813
       5115.0000      1981-01-02  19550.91406250  18995.62304688  20229.06640625  19620.39453125  19926.28125000  20524.16210938
       5128.0000      1981-01-15  19860.39843750  19891.60351563  20592.16210938  19808.82226563  20454.63281250  20730.86328125
       5129.0000      1981-01-16  16980.69531250   3443.28710938  17249.60546875   6533.05615234  10345.52050781  19266.81640625
       5295.0000      1981-07-01  16358.22265625   -109.36540985  16167.06640625    -16.08306503   8034.60498047  18901.38085938
       5479.0000      1982-01-01  16166.94628906    101.32499695  15551.22656250    101.32499695   7029.47998047  18733.03515625
       5480.0000      1982-01-02  19275.06445313  18732.09960938  19951.93554688  19372.34960938  19654.22070313  20281.52539063
       5493.0000      1982-01-15  19591.70898438  19617.62695313  20349.23632813  19539.65429688  20215.66015625  20495.90429688
       5494.0000      1982-01-16  16655.00976563   -443.83035278  16084.82324219   1216.40014648   8286.12890625  18988.53710938
       5660.0000      1982-07-01  16147.82519531    101.32499695  15202.28906250    101.32499695   6321.28222656  18645.84179688
       5844.0000      1983-01-01  16003.71777344    101.32499695  14636.61035156    101.32499695   5496.65722656  18501.77148438
       5845.0000      1983-01-02  19124.25390625  18694.69140625  19694.00781250  19236.96484375  19465.73632813  20092.11523438
       5858.0000      1983-01-15  19440.32421875  19505.88281250  20158.16015625  19387.99609375  20049.30664063  20312.88281250
       5859.0000      1983-01-16  16492.63281250    101.32499695  15270.66113281    101.32499695   6738.03808594  18767.09179688
       6025.0000      1983-07-01  15982.60253906    101.32499695  14229.86230469    101.32499695   4963.17773438  18432.82031250

                                              Y1              Y1              Y1              Y1              Y1              Y1
                                           PRO-1          PRO-11          PRO-12          PRO-15           PRO-4           PRO-5
            TIME            DATE   Gas Oil Ratio   Gas Oil Ratio   Gas Oil Ratio   Gas Oil Ratio   Gas Oil Ratio   Gas Oil Ratio
                                              SC              SC              SC              SC              SC              SC
           (day)                         (m3/m3)         (m3/m3)         (m3/m3)         (m3/m3)         (m3/m3)         (m3/m3)
       1.0100000      1967-01-02     74.01181030     74.00000000     74.00000000     74.00000000     74.00000000     74.00000000
       31.000000      1967-02-01     73.58280945     73.56449127     73.72803497     73.96977234     73.89974213     73.84746552
       59.000000      1967-03-01     73.30452728     73.28780365     73.46251678     73.73217773     73.68441772     73.59171295
       90.000000      1967-04-01     73.10376740     73.10494232     73.28030396     73.52494049     73.48853302     73.41122437
       91.000000      1967-04-02     72.87562561     72.85124969     73.07468414     73.37124634     73.28812408     73.24281311
       120.00000      1967-05-01     72.29512787     72.09748840     72.45440674     72.90301514     72.88526154     72.71408081
       151.00000      1967-06-01     71.78171539     71.55340576     71.94692993     72.35391235     72.37744141     72.21260071
       181.00000      1967-07-01     71.53789520     71.30702209     71.70637512     72.07524872     72.10829163     71.98237610
       182.00000      1967-07-02     71.64875031     71.46375275     71.81749725     72.12124634     72.23374939     72.06375122
       212.00000      1967-08-01     71.92263031     71.94296265     72.15953827     72.23796082     72.33108521     72.32270813
       243.00000      1967-09-01     71.89758301     71.95604706     72.15564728     72.16830444     72.23330688     72.33887482
       273.00000      1967-10-01     71.82624817     71.90016937     72.10324860     72.09258270     72.15274811     72.30291748
       274.00000      1967-10-02     71.93499756     72.01999664     72.20500183     72.16000366     72.25499725     72.37999725
       304.00000      1967-11-01     72.13249969     72.32583618     72.44200134     72.29733276     72.39083862     72.58233643
       334.00000      1967-12-01     72.19216919     72.39916229     72.51200104     72.34799957     72.41899872     72.66183472
       365.00000      1968-01-01     72.21322632     72.42096710     72.53871155     72.37564087     72.42871094     72.69532013
       366.00000      1968-01-02      0.00000000      0.00000000      0.00000000      0.00000000      0.00000000      0.00000000
       731.00000      1969-01-01      0.00000000      0.00000000      0.00000000      0.00000000      0.00000000      0.00000000
       1096.0000      1970-01-01      0.00000000      0.00000000      0.00000000      0.00000000      0.00000000      0.00000000
       1461.0000      1971-01-01      0.00000000      0.00000000      0.00000000      0.00000000      0.00000000      0.00000000
       1462.0000      1971-01-02     73.59333038     73.75833130     73.85500336     73.93499756     73.65499878     73.95500183
       1642.0000      1971-07-01     71.98294067     71.77687836     72.16686249     72.48521423     72.36925507     72.41124725
       1826.0000      1972-01-01     83.76264191     70.45476532     70.93125153     71.02809906     72.88172150     71.22095490
       1827.0000      1972-01-02      0.00000000      0.00000000      0.00000000      0.00000000      0.00000000      0.00000000
       1840.0000      1972-01-15      0.00000000      0.00000000      0.00000000      0.00000000      0.00000000      0.00000000
       1841.0000      1972-01-16     95.91333008     71.00333405     71.30666351     70.98666382     76.46666718     71.41666412
       2008.0000      1972-07-01    129.26251221     69.60482788     70.15145874     70.06253052    100.84175873     70.49223328
       2192.0000      1973-01-01    137.93931580     68.72829437     69.37442017     69.14706421    112.30518341     69.75318909
       2193.0000      1973-01-02      0.00000000      0.00000000      0.00000000      0.00000000      0.00000000      0.00000000
       2206.0000      1973-01-15      0.00000000      0.00000000      0.00000000      0.00000000      0.00000000      0.00000000
       2207.0000      1973-01-16    110.48000336     69.54666901     69.98000336     69.37333679     90.74666595     70.16000366
       2373.0000      1973-07-01    131.37289429     68.30903625     68.95048523     68.63309479     97.27634430     69.35064697
       2557.0000      1974-01-01    130.87434387     67.70297241     68.40662384     68.01887512     89.63558197     68.82782745
       2558.0000      1974-01-02      0.00000000      0.00000000      0.00000000      0.00000000      0.00000000      0.00000000
       2571.0000      1974-01-15      0.00000000      0.00000000      0.00000000      0.00000000      0.00000000      0.00000000
       2572.0000      1974-01-16    103.90666962     68.63999939     69.10666656     68.34666443     85.06666565     69.30666351
       2738.0000      1974-07-01    124.68884277     67.37309265     68.16859436     67.70192719     84.36377716     68.59674835
       2922.0000      1975-01-01    126.41796875     66.75844574     67.76224518     67.23902130     80.90245819     68.20210266
       2923.0000      1975-01-02      0.00000000      0.00000000      0.00000000      0.00000000      0.00000000      0.00000000
       2936.0000      1975-01-15      0.00000000      0.00000000      0.00000000      0.00000000      0.00000000      0.00000000
       2937.0000      1975-01-16    102.87999725     67.85333252     68.50666809     67.61333466     78.10666656     68.70666504
       3103.0000      1975-07-01    122.51284790     66.35012054     67.58048248     67.00490570     78.61694336     68.02442169
       3287.0000      1976-01-01    126.38463593     65.61014557     67.19963837     66.59500122     78.05818939     67.66007233
       3288.0000      1976-01-02      0.00000000      0.00000000      0.00000000      0.00000000      0.00000000      0.00000000
       3301.0000      1976-01-15      0.00000000      0.00000000      0.00000000      0.00000000      0.00000000      0.00000000
       3302.0000      1976-01-16    102.98666382     67.01333618     67.95999908     66.94666290     75.69333649     68.18666840
       3469.0000      1976-07-01    123.33429718     65.26515198     67.05110168     66.37548828     76.31919861     67.51241302
       3653.0000      1977-01-01    128.03492737     64.62282562     66.70993042     65.97333527     75.61905670     67.18412781
       3654.0000      1977-01-02      0.00000000      0.00000000      0.00000000      0.00000000      0.00000000      0.00000000
       3667.0000      1977-01-15      0.00000000      0.00000000      0.00000000      0.00000000      0.00000000      0.00000000
       3668.0000      1977-01-16    103.57333374     66.22666931     67.46666718     66.27999878     72.62666321     67.70666504
       3834.0000      1977-07-01    126.13944244     64.25092316     66.53076172     65.70185089     75.24120331     67.01550293
       4018.0000      1978-01-01    128.29971313     63.53456497     66.13210297     65.24021149     75.48652649     66.64804077
       4019.0000      1978-01-02      0.00000000      0.00000000      0.00000000      0.00000000      0.00000000      0.00000000
       4032.0000      1978-01-15      0.00000000      0.00000000      0.00000000      0.00000000      0.00000000      0.00000000
       4033.0000      1978-01-16    103.30666351     65.38666534     66.90666962     65.51999664     71.22666931     67.16000366
       4199.0000      1978-07-01    123.64867401     63.09381485     65.89437866     82.07076263     73.90715027     66.43799591
       4383.0000      1979-01-01    126.79739380     62.43304062     65.35014343    164.02485657     73.58622742     65.98717499
       4384.0000      1979-01-02      0.00000000      0.00000000      0.00000000      0.00000000      0.00000000      0.00000000
       4397.0000      1979-01-15      0.00000000      0.00000000      0.00000000      0.00000000      0.00000000      0.00000000
       4398.0000      1979-01-16    102.80000305     64.30666351     66.18666840    123.83999634     69.33333588     66.53333282
       4564.0000      1979-07-01    120.01493835     62.41855621     65.10216522    178.00096130     72.27710724     65.76570129
       4748.0000      1980-01-01    120.25347900     62.00608826     64.58963776    191.29782104     71.64782715     65.30796814
       4749.0000      1980-01-02      0.00000000      0.00000000      0.00000000      0.00000000      0.00000000      0.00000000
       4762.0000      1980-01-15      0.00000000      0.00000000      0.00000000      0.00000000      0.00000000      0.00000000
       4763.0000      1980-01-16    100.29333496     63.49333191     65.46666718    125.97333527     68.55999756     65.86666870
       4930.0000      1980-07-01    112.33213806     61.88024139     64.17932129    191.48471069     70.17884064     65.03329468
       5114.0000      1981-01-01    112.79072571     61.60231781     63.48970795    206.30970764     69.70261383     64.48622894
       5115.0000      1981-01-02      0.00000000      0.00000000      0.00000000      0.00000000      0.00000000      0.00000000
       5128.0000      1981-01-15      0.00000000      0.00000000      0.00000000      0.00000000      0.00000000      0.00000000
       5129.0000      1981-01-16     97.94666290     63.17333221     64.53333282    131.11999512     68.34666443     65.04000092
       5295.0000      1981-07-01    106.85847473     61.78859329     63.15373611    207.31115723     68.49494171     64.20851898
       5479.0000      1982-01-01    107.15245819     64.35968018     62.54347610    207.91696167     67.99666595     63.69927597
       5480.0000      1982-01-02      0.00000000      0.00000000      0.00000000      0.00000000      0.00000000      0.00000000
       5493.0000      1982-01-15      0.00000000      0.00000000      0.00000000      0.00000000      0.00000000      0.00000000
       5494.0000      1982-01-16     92.63999939     65.89333344     63.75999832    149.49333191     68.16000366     64.29333496
       5660.0000      1982-07-01    101.61799622     68.74148560     62.21992111    199.82594299     67.30088806     63.44160843
       5844.0000      1983-01-01    102.68434906     71.67864227     61.81594467    210.15966797     67.03115845     63.07782364
       5845.0000      1983-01-02      0.00000000      0.00000000      0.00000000      0.00000000      0.00000000      0.00000000
       5858.0000      1983-01-15      0.00000000      0.00000000      0.00000000      0.00000000      0.00000000      0.00000000
       5859.0000      1983-01-16     88.37333679     71.62891388     63.14666748    161.02470398     67.70666504     63.70666504
       6025.0000      1983-07-01     97.96915436     74.32463837     62.10425949    207.44540405     66.75839233     62.94746780

